t_Gyr a(t)
0.01 1.0007
0.02 1.0014
0.03 1.0021
0.04 1.0028
0.05 1.0035
0.06 1.0042
0.07 1.00491
0.08 1.00561
0.09 1.00631
0.1 1.00701
0.11 1.00771
0.12 1.00842
0.13 1.00912
0.14 1.00982
0.15 1.01053
0.16 1.01123
0.17 1.01194
0.18 1.01264
0.19 1.01335
0.2 1.01405
0.21 1.01476
0.22 1.01546
0.23 1.01617
0.24 1.01688
0.25 1.01758
0.26 1.01829
0.27 1.019
0.28 1.0197
0.29 1.02041
0.3 1.02112
0.31 1.02183
0.32 1.02254
0.33 1.02324
0.34 1.02395
0.35 1.02466
0.36 1.02537
0.37 1.02608
0.38 1.02679
0.39 1.0275
0.4 1.02821
0.41 1.02892
0.42 1.02964
0.43 1.03035
0.44 1.03106
0.45 1.03177
0.46 1.03248
0.47 1.0332
0.48 1.03391
0.49 1.03462
0.5 1.03534
0.51 1.03605
0.52 1.03677
0.53 1.03748
0.54 1.03819
0.55 1.03891
0.56 1.03962
0.57 1.04034
0.58 1.04106
0.59 1.04177
0.6 1.04249
0.61 1.04321
0.62 1.04392
0.63 1.04464
0.64 1.04536
0.65 1.04608
0.66 1.04679
0.67 1.04751
0.68 1.04823
0.69 1.04895
0.7 1.04967
0.71 1.05039
0.72 1.05111
0.73 1.05183
0.74 1.05255
0.75 1.05327
0.76 1.05399
0.77 1.05471
0.78 1.05544
0.79 1.05616
0.8 1.05688
0.81 1.0576
0.82 1.05833
0.83 1.05905
0.84 1.05977
0.85 1.0605
0.86 1.06122
0.87 1.06194
0.88 1.06267
0.89 1.06339
0.9 1.06412
0.91 1.06485
0.92 1.06557
0.93 1.0663
0.94 1.06702
0.95 1.06775
0.96 1.06848
0.97 1.06921
0.98 1.06993
0.99 1.07066
1 1.07139
1.01 1.07212
1.02 1.07285
1.03 1.07358
1.04 1.07431
1.05 1.07504
1.06 1.07577
1.07 1.0765
1.08 1.07723
1.09 1.07796
1.1 1.07869
1.11 1.07942
1.12 1.08015
1.13 1.08089
1.14 1.08162
1.15 1.08235
1.16 1.08308
1.17 1.08382
1.18 1.08455
1.19 1.08529
1.2 1.08602
1.21 1.08676
1.22 1.08749
1.23 1.08823
1.24 1.08896
1.25 1.0897
1.26 1.09043
1.27 1.09117
1.28 1.09191
1.29 1.09264
1.3 1.09338
1.31 1.09412
1.32 1.09486
1.33 1.0956
1.34 1.09634
1.35 1.09708
1.36 1.09781
1.37 1.09855
1.38 1.09929
1.39 1.10003
1.4 1.10078
1.41 1.10152
1.42 1.10226
1.43 1.103
1.44 1.10374
1.45 1.10448
1.46 1.10523
1.47 1.10597
1.48 1.10671
1.49 1.10746
1.5 1.1082
1.51 1.10894
1.52 1.10969
1.53 1.11043
1.54 1.11118
1.55 1.11192
1.56 1.11267
1.57 1.11342
1.58 1.11416
1.59 1.11491
1.6 1.11566
1.61 1.1164
1.62 1.11715
1.63 1.1179
1.64 1.11865
1.65 1.1194
1.66 1.12015
1.67 1.1209
1.68 1.12165
1.69 1.1224
1.7 1.12315
1.71 1.1239
1.72 1.12465
1.73 1.1254
1.74 1.12615
1.75 1.1269
1.76 1.12766
1.77 1.12841
1.78 1.12916
1.79 1.12991
1.8 1.13067
1.81 1.13142
1.82 1.13218
1.83 1.13293
1.84 1.13369
1.85 1.13444
1.86 1.1352
1.87 1.13595
1.88 1.13671
1.89 1.13747
1.9 1.13822
1.91 1.13898
1.92 1.13974
1.93 1.1405
1.94 1.14125
1.95 1.14201
1.96 1.14277
1.97 1.14353
1.98 1.14429
1.99 1.14505
2 1.14581
2.01 1.14657
2.02 1.14733
2.03 1.14809
2.04 1.14886
2.05 1.14962
2.06 1.15038
2.07 1.15114
2.08 1.15191
2.09 1.15267
2.1 1.15343
2.11 1.1542
2.12 1.15496
2.13 1.15573
2.14 1.15649
2.15 1.15726
2.16 1.15802
2.17 1.15879
2.18 1.15956
2.19 1.16032
2.2 1.16109
2.21 1.16186
2.22 1.16262
2.23 1.16339
2.24 1.16416
2.25 1.16493
2.26 1.1657
2.27 1.16647
2.28 1.16724
2.29 1.16801
2.3 1.16878
2.31 1.16955
2.32 1.17032
2.33 1.17109
2.34 1.17187
2.35 1.17264
2.36 1.17341
2.37 1.17418
2.38 1.17496
2.39 1.17573
2.4 1.1765
2.41 1.17728
2.42 1.17805
2.43 1.17883
2.44 1.1796
2.45 1.18038
2.46 1.18116
2.47 1.18193
2.48 1.18271
2.49 1.18349
2.5 1.18426
2.51 1.18504
2.52 1.18582
2.53 1.1866
2.54 1.18738
2.55 1.18816
2.56 1.18894
2.57 1.18972
2.58 1.1905
2.59 1.19128
2.6 1.19206
2.61 1.19284
2.62 1.19362
2.63 1.19441
2.64 1.19519
2.65 1.19597
2.66 1.19675
2.67 1.19754
2.68 1.19832
2.69 1.19911
2.7 1.19989
2.71 1.20068
2.72 1.20146
2.73 1.20225
2.74 1.20303
2.75 1.20382
2.76 1.20461
2.77 1.20539
2.78 1.20618
2.79 1.20697
2.8 1.20776
2.81 1.20855
2.82 1.20934
2.83 1.21012
2.84 1.21091
2.85 1.2117
2.86 1.2125
2.87 1.21329
2.88 1.21408
2.89 1.21487
2.9 1.21566
2.91 1.21645
2.92 1.21725
2.93 1.21804
2.94 1.21883
2.95 1.21963
2.96 1.22042
2.97 1.22122
2.98 1.22201
2.99 1.22281
3 1.2236
3.01 1.2244
3.02 1.22519
3.03 1.22599
3.04 1.22679
3.05 1.22758
3.06 1.22838
3.07 1.22918
3.08 1.22998
3.09 1.23078
3.1 1.23158
3.11 1.23238
3.12 1.23318
3.13 1.23398
3.14 1.23478
3.15 1.23558
3.16 1.23638
3.17 1.23718
3.18 1.23799
3.19 1.23879
3.2 1.23959
3.21 1.2404
3.22 1.2412
3.23 1.242
3.24 1.24281
3.25 1.24361
3.26 1.24442
3.27 1.24523
3.28 1.24603
3.29 1.24684
3.3 1.24764
3.31 1.24845
3.32 1.24926
3.33 1.25007
3.34 1.25088
3.35 1.25169
3.36 1.25249
3.37 1.2533
3.38 1.25411
3.39 1.25492
3.4 1.25573
3.41 1.25655
3.42 1.25736
3.43 1.25817
3.44 1.25898
3.45 1.25979
3.46 1.26061
3.47 1.26142
3.48 1.26223
3.49 1.26305
3.5 1.26386
3.51 1.26468
3.52 1.26549
3.53 1.26631
3.54 1.26713
3.55 1.26794
3.56 1.26876
3.57 1.26958
3.58 1.27039
3.59 1.27121
3.6 1.27203
3.61 1.27285
3.62 1.27367
3.63 1.27449
3.64 1.27531
3.65 1.27613
3.66 1.27695
3.67 1.27777
3.68 1.27859
3.69 1.27941
3.7 1.28024
3.71 1.28106
3.72 1.28188
3.73 1.28271
3.74 1.28353
3.75 1.28436
3.76 1.28518
3.77 1.28601
3.78 1.28683
3.79 1.28766
3.8 1.28848
3.81 1.28931
3.82 1.29014
3.83 1.29096
3.84 1.29179
3.85 1.29262
3.86 1.29345
3.87 1.29428
3.88 1.29511
3.89 1.29594
3.9 1.29677
3.91 1.2976
3.92 1.29843
3.93 1.29926
3.94 1.30009
3.95 1.30093
3.96 1.30176
3.97 1.30259
3.98 1.30343
3.99 1.30426
4 1.30509
4.01 1.30593
4.02 1.30676
4.03 1.3076
4.04 1.30844
4.05 1.30927
4.06 1.31011
4.07 1.31095
4.08 1.31178
4.09 1.31262
4.1 1.31346
4.11 1.3143
4.12 1.31514
4.13 1.31598
4.14 1.31682
4.15 1.31766
4.16 1.3185
4.17 1.31934
4.18 1.32018
4.19 1.32102
4.2 1.32187
4.21 1.32271
4.22 1.32355
4.23 1.3244
4.24 1.32524
4.25 1.32609
4.26 1.32693
4.27 1.32778
4.28 1.32862
4.29 1.32947
4.3 1.33032
4.31 1.33116
4.32 1.33201
4.33 1.33286
4.34 1.33371
4.35 1.33455
4.36 1.3354
4.37 1.33625
4.38 1.3371
4.39 1.33795
4.4 1.3388
4.41 1.33966
4.42 1.34051
4.43 1.34136
4.44 1.34221
4.45 1.34306
4.46 1.34392
4.47 1.34477
4.48 1.34563
4.49 1.34648
4.5 1.34734
4.51 1.34819
4.52 1.34905
4.53 1.3499
4.54 1.35076
4.55 1.35162
4.56 1.35247
4.57 1.35333
4.58 1.35419
4.59 1.35505
4.6 1.35591
4.61 1.35677
4.62 1.35763
4.63 1.35849
4.64 1.35935
4.65 1.36021
4.66 1.36107
4.67 1.36194
4.68 1.3628
4.69 1.36366
4.7 1.36452
4.71 1.36539
4.72 1.36625
4.73 1.36712
4.74 1.36798
4.75 1.36885
4.76 1.36971
4.77 1.37058
4.78 1.37145
4.79 1.37232
4.8 1.37318
4.81 1.37405
4.82 1.37492
4.83 1.37579
4.84 1.37666
4.85 1.37753
4.86 1.3784
4.87 1.37927
4.88 1.38014
4.89 1.38101
4.9 1.38189
4.91 1.38276
4.92 1.38363
4.93 1.3845
4.94 1.38538
4.95 1.38625
4.96 1.38713
4.97 1.388
4.98 1.38888
4.99 1.38975
5 1.39063
5.01 1.39151
5.02 1.39238
5.03 1.39326
5.04 1.39414
5.05 1.39502
5.06 1.3959
5.07 1.39678
5.08 1.39766
5.09 1.39854
5.1 1.39942
5.11 1.4003
5.12 1.40118
5.13 1.40206
5.14 1.40295
5.15 1.40383
5.16 1.40471
5.17 1.4056
5.18 1.40648
5.19 1.40737
5.2 1.40825
5.21 1.40914
5.22 1.41002
5.23 1.41091
5.24 1.4118
5.25 1.41269
5.26 1.41357
5.27 1.41446
5.28 1.41535
5.29 1.41624
5.3 1.41713
5.31 1.41802
5.32 1.41891
5.33 1.4198
5.34 1.42069
5.35 1.42159
5.36 1.42248
5.37 1.42337
5.38 1.42427
5.39 1.42516
5.4 1.42605
5.41 1.42695
5.42 1.42784
5.43 1.42874
5.44 1.42964
5.45 1.43053
5.46 1.43143
5.47 1.43233
5.48 1.43322
5.49 1.43412
5.5 1.43502
5.51 1.43592
5.52 1.43682
5.53 1.43772
5.54 1.43862
5.55 1.43952
5.56 1.44042
5.57 1.44133
5.58 1.44223
5.59 1.44313
5.6 1.44404
5.61 1.44494
5.62 1.44584
5.63 1.44675
5.64 1.44765
5.65 1.44856
5.66 1.44947
5.67 1.45037
5.68 1.45128
5.69 1.45219
5.7 1.4531
5.71 1.454
5.72 1.45491
5.73 1.45582
5.74 1.45673
5.75 1.45764
5.76 1.45855
5.77 1.45946
5.78 1.46038
5.79 1.46129
5.8 1.4622
5.81 1.46311
5.82 1.46403
5.83 1.46494
5.84 1.46586
5.85 1.46677
5.86 1.46769
5.87 1.4686
5.88 1.46952
5.89 1.47044
5.9 1.47135
5.91 1.47227
5.92 1.47319
5.93 1.47411
5.94 1.47503
5.95 1.47595
5.96 1.47687
5.97 1.47779
5.98 1.47871
5.99 1.47963
6 1.48055
6.01 1.48148
6.02 1.4824
6.03 1.48332
6.04 1.48425
6.05 1.48517
6.06 1.4861
6.07 1.48702
6.08 1.48795
6.09 1.48887
6.1 1.4898
6.11 1.49073
6.12 1.49166
6.13 1.49258
6.14 1.49351
6.15 1.49444
6.16 1.49537
6.17 1.4963
6.18 1.49723
6.19 1.49816
6.2 1.4991
6.21 1.50003
6.22 1.50096
6.23 1.50189
6.24 1.50283
6.25 1.50376
6.26 1.5047
6.27 1.50563
6.28 1.50657
6.29 1.5075
6.3 1.50844
6.31 1.50938
6.32 1.51031
6.33 1.51125
6.34 1.51219
6.35 1.51313
6.36 1.51407
6.37 1.51501
6.38 1.51595
6.39 1.51689
6.4 1.51783
6.41 1.51877
6.42 1.51972
6.43 1.52066
6.44 1.5216
6.45 1.52254
6.46 1.52349
6.47 1.52443
6.48 1.52538
6.49 1.52632
6.5 1.52727
6.51 1.52822
6.52 1.52917
6.53 1.53011
6.54 1.53106
6.55 1.53201
6.56 1.53296
6.57 1.53391
6.58 1.53486
6.59 1.53581
6.6 1.53676
6.61 1.53771
6.62 1.53866
6.63 1.53962
6.64 1.54057
6.65 1.54152
6.66 1.54248
6.67 1.54343
6.68 1.54439
6.69 1.54534
6.7 1.5463
6.71 1.54726
6.72 1.54821
6.73 1.54917
6.74 1.55013
6.75 1.55109
6.76 1.55205
6.77 1.55301
6.78 1.55397
6.79 1.55493
6.8 1.55589
6.81 1.55685
6.82 1.55781
6.83 1.55878
6.84 1.55974
6.85 1.5607
6.86 1.56167
6.87 1.56263
6.88 1.5636
6.89 1.56456
6.9 1.56553
6.91 1.5665
6.92 1.56746
6.93 1.56843
6.94 1.5694
6.95 1.57037
6.96 1.57134
6.97 1.57231
6.98 1.57328
6.99 1.57425
7 1.57522
7.01 1.57619
7.02 1.57716
7.03 1.57814
7.04 1.57911
7.05 1.58008
7.06 1.58106
7.07 1.58203
7.08 1.58301
7.09 1.58398
7.1 1.58496
7.11 1.58594
7.12 1.58691
7.13 1.58789
7.14 1.58887
7.15 1.58985
7.16 1.59083
7.17 1.59181
7.18 1.59279
7.19 1.59377
7.2 1.59475
7.21 1.59573
7.22 1.59672
7.23 1.5977
7.24 1.59868
7.25 1.59967
7.26 1.60065
7.27 1.60164
7.28 1.60262
7.29 1.60361
7.3 1.6046
7.31 1.60558
7.32 1.60657
7.33 1.60756
7.34 1.60855
7.35 1.60954
7.36 1.61053
7.37 1.61152
7.38 1.61251
7.39 1.6135
7.4 1.61449
7.41 1.61549
7.42 1.61648
7.43 1.61747
7.44 1.61847
7.45 1.61946
7.46 1.62046
7.47 1.62145
7.48 1.62245
7.49 1.62344
7.5 1.62444
7.51 1.62544
7.52 1.62644
7.53 1.62744
7.54 1.62844
7.55 1.62944
7.56 1.63044
7.57 1.63144
7.58 1.63244
7.59 1.63344
7.6 1.63444
7.61 1.63545
7.62 1.63645
7.63 1.63745
7.64 1.63846
7.65 1.63946
7.66 1.64047
7.67 1.64148
7.68 1.64248
7.69 1.64349
7.7 1.6445
7.71 1.64551
7.72 1.64652
7.73 1.64753
7.74 1.64854
7.75 1.64955
7.76 1.65056
7.77 1.65157
7.78 1.65258
7.79 1.65359
7.8 1.65461
7.81 1.65562
7.82 1.65664
7.83 1.65765
7.84 1.65867
7.85 1.65968
7.86 1.6607
7.87 1.66172
7.88 1.66273
7.89 1.66375
7.9 1.66477
7.91 1.66579
7.92 1.66681
7.93 1.66783
7.94 1.66885
7.95 1.66987
7.96 1.67089
7.97 1.67192
7.98 1.67294
7.99 1.67396
8 1.67499
8.01 1.67601
8.02 1.67704
8.03 1.67806
8.04 1.67909
8.05 1.68012
8.06 1.68114
8.07 1.68217
8.08 1.6832
8.09 1.68423
8.1 1.68526
8.11 1.68629
8.12 1.68732
8.13 1.68835
8.14 1.68938
8.15 1.69042
8.16 1.69145
8.17 1.69248
8.18 1.69352
8.19 1.69455
8.2 1.69559
8.21 1.69662
8.22 1.69766
8.23 1.6987
8.24 1.69973
8.25 1.70077
8.26 1.70181
8.27 1.70285
8.28 1.70389
8.29 1.70493
8.3 1.70597
8.31 1.70701
8.32 1.70805
8.33 1.7091
8.34 1.71014
8.35 1.71118
8.36 1.71223
8.37 1.71327
8.38 1.71432
8.39 1.71536
8.4 1.71641
8.41 1.71746
8.42 1.7185
8.43 1.71955
8.44 1.7206
8.45 1.72165
8.46 1.7227
8.47 1.72375
8.48 1.7248
8.49 1.72585
8.5 1.7269
8.51 1.72796
8.52 1.72901
8.53 1.73006
8.54 1.73112
8.55 1.73217
8.56 1.73323
8.57 1.73428
8.58 1.73534
8.59 1.7364
8.6 1.73746
8.61 1.73851
8.62 1.73957
8.63 1.74063
8.64 1.74169
8.65 1.74275
8.66 1.74381
8.67 1.74488
8.68 1.74594
8.69 1.747
8.7 1.74806
8.71 1.74913
8.72 1.75019
8.73 1.75126
8.74 1.75232
8.75 1.75339
8.76 1.75446
8.77 1.75553
8.78 1.75659
8.79 1.75766
8.8 1.75873
8.81 1.7598
8.82 1.76087
8.83 1.76194
8.84 1.76301
8.85 1.76409
8.86 1.76516
8.87 1.76623
8.88 1.76731
8.89 1.76838
8.9 1.76946
8.91 1.77053
8.92 1.77161
8.93 1.77268
8.94 1.77376
8.95 1.77484
8.96 1.77592
8.97 1.777
8.98 1.77808
8.99 1.77916
9 1.78024
9.01 1.78132
9.02 1.7824
9.03 1.78348
9.04 1.78457
9.05 1.78565
9.06 1.78674
9.07 1.78782
9.08 1.78891
9.09 1.78999
9.1 1.79108
9.11 1.79217
9.12 1.79325
9.13 1.79434
9.14 1.79543
9.15 1.79652
9.16 1.79761
9.17 1.7987
9.18 1.7998
9.19 1.80089
9.2 1.80198
9.21 1.80307
9.22 1.80417
9.23 1.80526
9.24 1.80636
9.25 1.80745
9.26 1.80855
9.27 1.80965
9.28 1.81074
9.29 1.81184
9.3 1.81294
9.31 1.81404
9.32 1.81514
9.33 1.81624
9.34 1.81734
9.35 1.81844
9.36 1.81954
9.37 1.82065
9.38 1.82175
9.39 1.82286
9.4 1.82396
9.41 1.82507
9.42 1.82617
9.43 1.82728
9.44 1.82838
9.45 1.82949
9.46 1.8306
9.47 1.83171
9.48 1.83282
9.49 1.83393
9.5 1.83504
9.51 1.83615
9.52 1.83726
9.53 1.83838
9.54 1.83949
9.55 1.8406
9.56 1.84172
9.57 1.84283
9.58 1.84395
9.59 1.84506
9.6 1.84618
9.61 1.8473
9.62 1.84842
9.63 1.84954
9.64 1.85065
9.65 1.85177
9.66 1.8529
9.67 1.85402
9.68 1.85514
9.69 1.85626
9.7 1.85738
9.71 1.85851
9.72 1.85963
9.73 1.86076
9.74 1.86188
9.75 1.86301
9.76 1.86413
9.77 1.86526
9.78 1.86639
9.79 1.86752
9.8 1.86865
9.81 1.86978
9.82 1.87091
9.83 1.87204
9.84 1.87317
9.85 1.8743
9.86 1.87543
9.87 1.87657
9.88 1.8777
9.89 1.87884
9.9 1.87997
9.91 1.88111
9.92 1.88225
9.93 1.88338
9.94 1.88452
9.95 1.88566
9.96 1.8868
9.97 1.88794
9.98 1.88908
9.99 1.89022
10 1.89136
10.01 1.8925
10.02 1.89365
10.03 1.89479
10.04 1.89593
10.05 1.89708
10.06 1.89822
10.07 1.89937
10.08 1.90052
10.09 1.90166
10.1 1.90281
10.11 1.90396
10.12 1.90511
10.13 1.90626
10.14 1.90741
10.15 1.90856
10.16 1.90971
10.17 1.91086
10.18 1.91202
10.19 1.91317
10.2 1.91433
10.21 1.91548
10.22 1.91664
10.23 1.91779
10.24 1.91895
10.25 1.92011
10.26 1.92126
10.27 1.92242
10.28 1.92358
10.29 1.92474
10.3 1.9259
10.31 1.92706
10.32 1.92823
10.33 1.92939
10.34 1.93055
10.35 1.93172
10.36 1.93288
10.37 1.93405
10.38 1.93521
10.39 1.93638
10.4 1.93754
10.41 1.93871
10.42 1.93988
10.43 1.94105
10.44 1.94222
10.45 1.94339
10.46 1.94456
10.47 1.94573
10.48 1.9469
10.49 1.94808
10.5 1.94925
10.51 1.95042
10.52 1.9516
10.53 1.95277
10.54 1.95395
10.55 1.95513
10.56 1.95631
10.57 1.95748
10.58 1.95866
10.59 1.95984
10.6 1.96102
10.61 1.9622
10.62 1.96338
10.63 1.96457
10.64 1.96575
10.65 1.96693
10.66 1.96812
10.67 1.9693
10.68 1.97049
10.69 1.97167
10.7 1.97286
10.71 1.97404
10.72 1.97523
10.73 1.97642
10.74 1.97761
10.75 1.9788
10.76 1.97999
10.77 1.98118
10.78 1.98237
10.79 1.98357
10.8 1.98476
10.81 1.98595
10.82 1.98715
10.83 1.98834
10.84 1.98954
10.85 1.99074
10.86 1.99193
10.87 1.99313
10.88 1.99433
10.89 1.99553
10.9 1.99673
10.91 1.99793
10.92 1.99913
10.93 2.00033
10.94 2.00153
10.95 2.00274
10.96 2.00394
10.97 2.00515
10.98 2.00635
10.99 2.00756
11 2.00876
11.01 2.00997
11.02 2.01118
11.03 2.01239
11.04 2.0136
11.05 2.01481
11.06 2.01602
11.07 2.01723
11.08 2.01844
11.09 2.01965
11.1 2.02086
11.11 2.02208
11.12 2.02329
11.13 2.02451
11.14 2.02572
11.15 2.02694
11.16 2.02816
11.17 2.02938
11.18 2.03059
11.19 2.03181
11.2 2.03303
11.21 2.03425
11.22 2.03548
11.23 2.0367
11.24 2.03792
11.25 2.03914
11.26 2.04037
11.27 2.04159
11.28 2.04282
11.29 2.04404
11.3 2.04527
11.31 2.0465
11.32 2.04773
11.33 2.04896
11.34 2.05018
11.35 2.05142
11.36 2.05265
11.37 2.05388
11.38 2.05511
11.39 2.05634
11.4 2.05758
11.41 2.05881
11.42 2.06005
11.43 2.06128
11.44 2.06252
11.45 2.06375
11.46 2.06499
11.47 2.06623
11.48 2.06747
11.49 2.06871
11.5 2.06995
11.51 2.07119
11.52 2.07243
11.53 2.07368
11.54 2.07492
11.55 2.07616
11.56 2.07741
11.57 2.07865
11.58 2.0799
11.59 2.08115
11.6 2.08239
11.61 2.08364
11.62 2.08489
11.63 2.08614
11.64 2.08739
11.65 2.08864
11.66 2.08989
11.67 2.09115
11.68 2.0924
11.69 2.09365
11.7 2.09491
11.71 2.09616
11.72 2.09742
11.73 2.09868
11.74 2.09993
11.75 2.10119
11.76 2.10245
11.77 2.10371
11.78 2.10497
11.79 2.10623
11.8 2.10749
11.81 2.10875
11.82 2.11002
11.83 2.11128
11.84 2.11254
11.85 2.11381
11.86 2.11507
11.87 2.11634
11.88 2.11761
11.89 2.11888
11.9 2.12015
11.91 2.12141
11.92 2.12268
11.93 2.12396
11.94 2.12523
11.95 2.1265
11.96 2.12777
11.97 2.12905
11.98 2.13032
11.99 2.13159
12 2.13287
12.01 2.13415
12.02 2.13542
12.03 2.1367
12.04 2.13798
12.05 2.13926
12.06 2.14054
12.07 2.14182
12.08 2.1431
12.09 2.14438
12.1 2.14567
12.11 2.14695
12.12 2.14823
12.13 2.14952
12.14 2.15081
12.15 2.15209
12.16 2.15338
12.17 2.15467
12.18 2.15596
12.19 2.15725
12.2 2.15854
12.21 2.15983
12.22 2.16112
12.23 2.16241
12.24 2.1637
12.25 2.165
12.26 2.16629
12.27 2.16759
12.28 2.16888
12.29 2.17018
12.3 2.17148
12.31 2.17277
12.32 2.17407
12.33 2.17537
12.34 2.17667
12.35 2.17797
12.36 2.17928
12.37 2.18058
12.38 2.18188
12.39 2.18319
12.4 2.18449
12.41 2.1858
12.42 2.1871
12.43 2.18841
12.44 2.18972
12.45 2.19102
12.46 2.19233
12.47 2.19364
12.48 2.19495
12.49 2.19626
12.5 2.19758
12.51 2.19889
12.52 2.2002
12.53 2.20152
12.54 2.20283
12.55 2.20415
12.56 2.20546
12.57 2.20678
12.58 2.2081
12.59 2.20942
12.6 2.21074
12.61 2.21206
12.62 2.21338
12.63 2.2147
12.64 2.21602
12.65 2.21735
12.66 2.21867
12.67 2.21999
12.68 2.22132
12.69 2.22265
12.7 2.22397
12.71 2.2253
12.72 2.22663
12.73 2.22796
12.74 2.22929
12.75 2.23062
12.76 2.23195
12.77 2.23328
12.78 2.23462
12.79 2.23595
12.8 2.23728
12.81 2.23862
12.82 2.23995
12.83 2.24129
12.84 2.24263
12.85 2.24397
12.86 2.24531
12.87 2.24664
12.88 2.24799
12.89 2.24933
12.9 2.25067
12.91 2.25201
12.92 2.25335
12.93 2.2547
12.94 2.25604
12.95 2.25739
12.96 2.25874
12.97 2.26008
12.98 2.26143
12.99 2.26278
13 2.26413
13.01 2.26548
13.02 2.26683
13.03 2.26818
13.04 2.26954
13.05 2.27089
13.06 2.27224
13.07 2.2736
13.08 2.27495
13.09 2.27631
13.1 2.27767
13.11 2.27902
13.12 2.28038
13.13 2.28174
13.14 2.2831
13.15 2.28446
13.16 2.28583
13.17 2.28719
13.18 2.28855
13.19 2.28992
13.2 2.29128
13.21 2.29265
13.22 2.29401
13.23 2.29538
13.24 2.29675
13.25 2.29812
13.26 2.29949
13.27 2.30086
13.28 2.30223
13.29 2.3036
13.3 2.30497
13.31 2.30634
13.32 2.30772
13.33 2.30909
13.34 2.31047
13.35 2.31185
13.36 2.31322
13.37 2.3146
13.38 2.31598
13.39 2.31736
13.4 2.31874
13.41 2.32012
13.42 2.3215
13.43 2.32289
13.44 2.32427
13.45 2.32565
13.46 2.32704
13.47 2.32842
13.48 2.32981
13.49 2.3312
13.5 2.33259
13.51 2.33398
13.52 2.33537
13.53 2.33676
13.54 2.33815
13.55 2.33954
13.56 2.34093
13.57 2.34233
13.58 2.34372
13.59 2.34512
13.6 2.34651
13.61 2.34791
13.62 2.34931
13.63 2.3507
13.64 2.3521
13.65 2.3535
13.66 2.3549
13.67 2.35631
13.68 2.35771
13.69 2.35911
13.7 2.36052
13.71 2.36192
13.72 2.36333
13.73 2.36473
13.74 2.36614
13.75 2.36755
13.76 2.36896
13.77 2.37037
13.78 2.37178
13.79 2.37319
13.8 2.3746
13.81 2.37601
13.82 2.37743
13.83 2.37884
13.84 2.38026
13.85 2.38167
13.86 2.38309
13.87 2.38451
13.88 2.38592
13.89 2.38734
13.9 2.38876
13.91 2.39018
13.92 2.39161
13.93 2.39303
13.94 2.39445
13.95 2.39588
13.96 2.3973
13.97 2.39873
13.98 2.40015
13.99 2.40158
14 2.40301
14.01 2.40444
14.02 2.40587
14.03 2.4073
14.04 2.40873
14.05 2.41016
14.06 2.41159
14.07 2.41303
14.08 2.41446
14.09 2.4159
14.1 2.41733
14.11 2.41877
14.12 2.42021
14.13 2.42165
14.14 2.42309
14.15 2.42453
14.16 2.42597
14.17 2.42741
14.18 2.42885
14.19 2.4303
14.2 2.43174
14.21 2.43319
14.22 2.43463
14.23 2.43608
14.24 2.43753
14.25 2.43898
14.26 2.44043
14.27 2.44188
14.28 2.44333
14.29 2.44478
14.3 2.44623
14.31 2.44768
14.32 2.44914
14.33 2.45059
14.34 2.45205
14.35 2.45351
14.36 2.45496
14.37 2.45642
14.38 2.45788
14.39 2.45934
14.4 2.4608
14.41 2.46227
14.42 2.46373
14.43 2.46519
14.44 2.46666
14.45 2.46812
14.46 2.46959
14.47 2.47105
14.48 2.47252
14.49 2.47399
14.5 2.47546
14.51 2.47693
14.52 2.4784
14.53 2.47987
14.54 2.48134
14.55 2.48282
14.56 2.48429
14.57 2.48577
14.58 2.48724
14.59 2.48872
14.6 2.4902
14.61 2.49168
14.62 2.49316
14.63 2.49464
14.64 2.49612
14.65 2.4976
14.66 2.49908
14.67 2.50056
14.68 2.50205
14.69 2.50353
14.7 2.50502
14.71 2.50651
14.72 2.508
14.73 2.50948
14.74 2.51097
14.75 2.51246
14.76 2.51396
14.77 2.51545
14.78 2.51694
14.79 2.51843
14.8 2.51993
14.81 2.52142
14.82 2.52292
14.83 2.52442
14.84 2.52592
14.85 2.52741
14.86 2.52891
14.87 2.53041
14.88 2.53192
14.89 2.53342
14.9 2.53492
14.91 2.53643
14.92 2.53793
14.93 2.53944
14.94 2.54094
14.95 2.54245
14.96 2.54396
14.97 2.54547
14.98 2.54698
14.99 2.54849
15 2.55
15.01 2.55151
15.02 2.55303
15.03 2.55454
15.04 2.55606
15.05 2.55757
15.06 2.55909
15.07 2.56061
15.08 2.56213
15.09 2.56365
15.1 2.56517
15.11 2.56669
15.12 2.56821
15.13 2.56973
15.14 2.57126
15.15 2.57278
15.16 2.57431
15.17 2.57583
15.18 2.57736
15.19 2.57889
15.2 2.58042
15.21 2.58195
15.22 2.58348
15.23 2.58501
15.24 2.58654
15.25 2.58808
15.26 2.58961
15.27 2.59115
15.28 2.59268
15.29 2.59422
15.3 2.59576
15.31 2.5973
15.32 2.59883
15.33 2.60038
15.34 2.60192
15.35 2.60346
15.36 2.605
15.37 2.60655
15.38 2.60809
15.39 2.60964
15.4 2.61118
15.41 2.61273
15.42 2.61428
15.43 2.61583
15.44 2.61738
15.45 2.61893
15.46 2.62048
15.47 2.62204
15.48 2.62359
15.49 2.62514
15.5 2.6267
15.51 2.62826
15.52 2.62981
15.53 2.63137
15.54 2.63293
15.55 2.63449
15.56 2.63605
15.57 2.63761
15.58 2.63918
15.59 2.64074
15.6 2.6423
15.61 2.64387
15.62 2.64544
15.63 2.647
15.64 2.64857
15.65 2.65014
15.66 2.65171
15.67 2.65328
15.68 2.65485
15.69 2.65642
15.7 2.658
15.71 2.65957
15.72 2.66115
15.73 2.66272
15.74 2.6643
15.75 2.66588
15.76 2.66746
15.77 2.66904
15.78 2.67062
15.79 2.6722
15.8 2.67378
15.81 2.67537
15.82 2.67695
15.83 2.67853
15.84 2.68012
15.85 2.68171
15.86 2.6833
15.87 2.68488
15.88 2.68647
15.89 2.68807
15.9 2.68966
15.91 2.69125
15.92 2.69284
15.93 2.69444
15.94 2.69603
15.95 2.69763
15.96 2.69923
15.97 2.70082
15.98 2.70242
15.99 2.70402
16 2.70562
16.01 2.70722
16.02 2.70883
16.03 2.71043
16.04 2.71203
16.05 2.71364
16.06 2.71525
16.07 2.71685
16.08 2.71846
16.09 2.72007
16.1 2.72168
16.11 2.72329
16.12 2.7249
16.13 2.72652
16.14 2.72813
16.15 2.72974
16.16 2.73136
16.17 2.73298
16.18 2.73459
16.19 2.73621
16.2 2.73783
16.21 2.73945
16.22 2.74107
16.23 2.74269
16.24 2.74432
16.25 2.74594
16.26 2.74757
16.27 2.74919
16.28 2.75082
16.29 2.75244
16.3 2.75407
16.31 2.7557
16.32 2.75733
16.33 2.75896
16.34 2.7606
16.35 2.76223
16.36 2.76386
16.37 2.7655
16.38 2.76713
16.39 2.76877
16.4 2.77041
16.41 2.77205
16.42 2.77369
16.43 2.77533
16.44 2.77697
16.45 2.77861
16.46 2.78026
16.47 2.7819
16.48 2.78355
16.49 2.78519
16.5 2.78684
16.51 2.78849
16.52 2.79014
16.53 2.79179
16.54 2.79344
16.55 2.79509
16.56 2.79674
16.57 2.7984
16.58 2.80005
16.59 2.80171
16.6 2.80336
16.61 2.80502
16.62 2.80668
16.63 2.80834
16.64 2.81
16.65 2.81166
16.66 2.81333
16.67 2.81499
16.68 2.81665
16.69 2.81832
16.7 2.81998
16.71 2.82165
16.72 2.82332
16.73 2.82499
16.74 2.82666
16.75 2.82833
16.76 2.83
16.77 2.83168
16.78 2.83335
16.79 2.83502
16.8 2.8367
16.81 2.83838
16.82 2.84006
16.83 2.84173
16.84 2.84341
16.85 2.84509
16.86 2.84678
16.87 2.84846
16.88 2.85014
16.89 2.85183
16.9 2.85351
16.91 2.8552
16.92 2.85689
16.93 2.85858
16.94 2.86026
16.95 2.86196
16.96 2.86365
16.97 2.86534
16.98 2.86703
16.99 2.86873
17 2.87042
17.01 2.87212
17.02 2.87382
17.03 2.87551
17.04 2.87721
17.05 2.87891
17.06 2.88061
17.07 2.88232
17.08 2.88402
17.09 2.88572
17.1 2.88743
17.11 2.88913
17.12 2.89084
17.13 2.89255
17.14 2.89426
17.15 2.89597
17.16 2.89768
17.17 2.89939
17.18 2.9011
17.19 2.90282
17.2 2.90453
17.21 2.90625
17.22 2.90797
17.23 2.90968
17.24 2.9114
17.25 2.91312
17.26 2.91484
17.27 2.91657
17.28 2.91829
17.29 2.92001
17.3 2.92174
17.31 2.92346
17.32 2.92519
17.33 2.92692
17.34 2.92865
17.35 2.93038
17.36 2.93211
17.37 2.93384
17.38 2.93557
17.39 2.9373
17.4 2.93904
17.41 2.94078
17.42 2.94251
17.43 2.94425
17.44 2.94599
17.45 2.94773
17.46 2.94947
17.47 2.95121
17.48 2.95295
17.49 2.9547
17.5 2.95644
17.51 2.95819
17.52 2.95993
17.53 2.96168
17.54 2.96343
17.55 2.96518
17.56 2.96693
17.57 2.96868
17.58 2.97044
17.59 2.97219
17.6 2.97395
17.61 2.9757
17.62 2.97746
17.63 2.97922
17.64 2.98097
17.65 2.98273
17.66 2.9845
17.67 2.98626
17.68 2.98802
17.69 2.98978
17.7 2.99155
17.71 2.99332
17.72 2.99508
17.73 2.99685
17.74 2.99862
17.75 3.00039
17.76 3.00216
17.77 3.00393
17.78 3.00571
17.79 3.00748
17.8 3.00926
17.81 3.01103
17.82 3.01281
17.83 3.01459
17.84 3.01637
17.85 3.01815
17.86 3.01993
17.87 3.02171
17.88 3.02349
17.89 3.02528
17.9 3.02706
17.91 3.02885
17.92 3.03064
17.93 3.03243
17.94 3.03422
17.95 3.03601
17.96 3.0378
17.97 3.03959
17.98 3.04138
17.99 3.04318
18 3.04497
18.01 3.04677
18.02 3.04857
18.03 3.05037
18.04 3.05217
18.05 3.05397
18.06 3.05577
18.07 3.05757
18.08 3.05938
18.09 3.06118
18.1 3.06299
18.11 3.0648
18.12 3.0666
18.13 3.06841
18.14 3.07022
18.15 3.07204
18.16 3.07385
18.17 3.07566
18.18 3.07748
18.19 3.07929
18.2 3.08111
18.21 3.08293
18.22 3.08474
18.23 3.08656
18.24 3.08839
18.25 3.09021
18.26 3.09203
18.27 3.09385
18.28 3.09568
18.29 3.09751
18.3 3.09933
18.31 3.10116
18.32 3.10299
18.33 3.10482
18.34 3.10665
18.35 3.10848
18.36 3.11032
18.37 3.11215
18.38 3.11399
18.39 3.11582
18.4 3.11766
18.41 3.1195
18.42 3.12134
18.43 3.12318
18.44 3.12502
18.45 3.12687
18.46 3.12871
18.47 3.13056
18.48 3.1324
18.49 3.13425
18.5 3.1361
18.51 3.13795
18.52 3.1398
18.53 3.14165
18.54 3.1435
18.55 3.14535
18.56 3.14721
18.57 3.14907
18.58 3.15092
18.59 3.15278
18.6 3.15464
18.61 3.1565
18.62 3.15836
18.63 3.16022
18.64 3.16209
18.65 3.16395
18.66 3.16582
18.67 3.16768
18.68 3.16955
18.69 3.17142
18.7 3.17329
18.71 3.17516
18.72 3.17703
18.73 3.17891
18.74 3.18078
18.75 3.18265
18.76 3.18453
18.77 3.18641
18.78 3.18829
18.79 3.19017
18.8 3.19205
18.81 3.19393
18.82 3.19581
18.83 3.1977
18.84 3.19958
18.85 3.20147
18.86 3.20335
18.87 3.20524
18.88 3.20713
18.89 3.20902
18.9 3.21091
18.91 3.21281
18.92 3.2147
18.93 3.21659
18.94 3.21849
18.95 3.22039
18.96 3.22229
18.97 3.22418
18.98 3.22609
18.99 3.22799
19 3.22989
19.01 3.23179
19.02 3.2337
19.03 3.2356
19.04 3.23751
19.05 3.23942
19.06 3.24133
19.07 3.24324
19.08 3.24515
19.09 3.24706
19.1 3.24897
19.11 3.25089
19.12 3.25281
19.13 3.25472
19.14 3.25664
19.15 3.25856
19.16 3.26048
19.17 3.2624
19.18 3.26432
19.19 3.26625
19.2 3.26817
19.21 3.2701
19.22 3.27202
19.23 3.27395
19.24 3.27588
19.25 3.27781
19.26 3.27974
19.27 3.28167
19.28 3.28361
19.29 3.28554
19.3 3.28748
19.31 3.28942
19.32 3.29135
19.33 3.29329
19.34 3.29523
19.35 3.29717
19.36 3.29912
19.37 3.30106
19.38 3.30301
19.39 3.30495
19.4 3.3069
19.41 3.30885
19.42 3.3108
19.43 3.31275
19.44 3.3147
19.45 3.31665
19.46 3.3186
19.47 3.32056
19.48 3.32252
19.49 3.32447
19.5 3.32643
19.51 3.32839
19.52 3.33035
19.53 3.33231
19.54 3.33428
19.55 3.33624
19.56 3.33821
19.57 3.34017
19.58 3.34214
19.59 3.34411
19.6 3.34608
19.61 3.34805
19.62 3.35002
19.63 3.35199
19.64 3.35397
19.65 3.35594
19.66 3.35792
19.67 3.3599
19.68 3.36188
19.69 3.36386
19.7 3.36584
19.71 3.36782
19.72 3.3698
19.73 3.37179
19.74 3.37377
19.75 3.37576
19.76 3.37775
19.77 3.37974
19.78 3.38173
19.79 3.38372
19.8 3.38571
19.81 3.38771
19.82 3.3897
19.83 3.3917
19.84 3.39369
19.85 3.39569
19.86 3.39769
19.87 3.39969
19.88 3.40169
19.89 3.4037
19.9 3.4057
19.91 3.40771
19.92 3.40971
19.93 3.41172
19.94 3.41373
19.95 3.41574
19.96 3.41775
19.97 3.41976
19.98 3.42178
19.99 3.42379
20 3.42581
20.01 3.42782
20.02 3.42984
20.03 3.43186
20.04 3.43388
20.05 3.4359
20.06 3.43793
20.07 3.43995
20.08 3.44198
20.09 3.444
20.1 3.44603
20.11 3.44806
20.12 3.45009
20.13 3.45212
20.14 3.45415
20.15 3.45619
20.16 3.45822
20.17 3.46026
20.18 3.46229
20.19 3.46433
20.2 3.46637
20.21 3.46841
20.22 3.47045
20.23 3.4725
20.24 3.47454
20.25 3.47659
20.26 3.47863
20.27 3.48068
20.28 3.48273
20.29 3.48478
20.3 3.48683
20.31 3.48888
20.32 3.49094
20.33 3.49299
20.34 3.49505
20.35 3.4971
20.36 3.49916
20.37 3.50122
20.38 3.50328
20.39 3.50534
20.4 3.50741
20.41 3.50947
20.42 3.51154
20.43 3.5136
20.44 3.51567
20.45 3.51774
20.46 3.51981
20.47 3.52188
20.48 3.52396
20.49 3.52603
20.5 3.52811
20.51 3.53018
20.52 3.53226
20.53 3.53434
20.54 3.53642
20.55 3.5385
20.56 3.54058
20.57 3.54266
20.58 3.54475
20.59 3.54684
20.6 3.54892
20.61 3.55101
20.62 3.5531
20.63 3.55519
20.64 3.55728
20.65 3.55938
20.66 3.56147
20.67 3.56357
20.68 3.56566
20.69 3.56776
20.7 3.56986
20.71 3.57196
20.72 3.57406
20.73 3.57617
20.74 3.57827
20.75 3.58038
20.76 3.58248
20.77 3.58459
20.78 3.5867
20.79 3.58881
20.8 3.59092
20.81 3.59303
20.82 3.59515
20.83 3.59726
20.84 3.59938
20.85 3.6015
20.86 3.60362
20.87 3.60574
20.88 3.60786
20.89 3.60998
20.9 3.6121
20.91 3.61423
20.92 3.61636
20.93 3.61848
20.94 3.62061
20.95 3.62274
20.96 3.62487
20.97 3.62701
20.98 3.62914
20.99 3.63127
21 3.63341
21.01 3.63555
21.02 3.63769
21.03 3.63983
21.04 3.64197
21.05 3.64411
21.06 3.64625
21.07 3.6484
21.08 3.65055
21.09 3.65269
21.1 3.65484
21.11 3.65699
21.12 3.65914
21.13 3.66129
21.14 3.66345
21.15 3.6656
21.16 3.66776
21.17 3.66992
21.18 3.67208
21.19 3.67424
21.2 3.6764
21.21 3.67856
21.22 3.68072
21.23 3.68289
21.24 3.68505
21.25 3.68722
21.26 3.68939
21.27 3.69156
21.28 3.69373
21.29 3.6959
21.3 3.69808
21.31 3.70025
21.32 3.70243
21.33 3.70461
21.34 3.70678
21.35 3.70896
21.36 3.71115
21.37 3.71333
21.38 3.71551
21.39 3.7177
21.4 3.71988
21.41 3.72207
21.42 3.72426
21.43 3.72645
21.44 3.72864
21.45 3.73083
21.46 3.73303
21.47 3.73522
21.48 3.73742
21.49 3.73962
21.5 3.74182
21.51 3.74402
21.52 3.74622
21.53 3.74842
21.54 3.75063
21.55 3.75283
21.56 3.75504
21.57 3.75725
21.58 3.75946
21.59 3.76167
21.6 3.76388
21.61 3.76609
21.62 3.76831
21.63 3.77052
21.64 3.77274
21.65 3.77496
21.66 3.77718
21.67 3.7794
21.68 3.78162
21.69 3.78384
21.7 3.78607
21.71 3.78829
21.72 3.79052
21.73 3.79275
21.74 3.79498
21.75 3.79721
21.76 3.79944
21.77 3.80168
21.78 3.80391
21.79 3.80615
21.8 3.80839
21.81 3.81063
21.82 3.81287
21.83 3.81511
21.84 3.81735
21.85 3.8196
21.86 3.82184
21.87 3.82409
21.88 3.82634
21.89 3.82859
21.9 3.83084
21.91 3.83309
21.92 3.83534
21.93 3.8376
21.94 3.83985
21.95 3.84211
21.96 3.84437
21.97 3.84663
21.98 3.84889
21.99 3.85115
22 3.85342
22.01 3.85568
22.02 3.85795
22.03 3.86022
22.04 3.86249
22.05 3.86476
22.06 3.86703
22.07 3.8693
22.08 3.87158
22.09 3.87385
22.1 3.87613
22.11 3.87841
22.12 3.88069
22.13 3.88297
22.14 3.88525
22.15 3.88753
22.16 3.88982
22.17 3.89211
22.18 3.89439
22.19 3.89668
22.2 3.89897
22.21 3.90127
22.22 3.90356
22.23 3.90585
22.24 3.90815
22.25 3.91045
22.26 3.91274
22.27 3.91504
22.28 3.91734
22.29 3.91965
22.3 3.92195
22.31 3.92426
22.32 3.92656
22.33 3.92887
22.34 3.93118
22.35 3.93349
22.36 3.9358
22.37 3.93811
22.38 3.94043
22.39 3.94274
22.4 3.94506
22.41 3.94738
22.42 3.9497
22.43 3.95202
22.44 3.95434
22.45 3.95667
22.46 3.95899
22.47 3.96132
22.48 3.96365
22.49 3.96598
22.5 3.96831
22.51 3.97064
22.52 3.97297
22.53 3.97531
22.54 3.97764
22.55 3.97998
22.56 3.98232
22.57 3.98466
22.58 3.987
22.59 3.98935
22.6 3.99169
22.61 3.99404
22.62 3.99638
22.63 3.99873
22.64 4.00108
22.65 4.00343
22.66 4.00578
22.67 4.00814
22.68 4.01049
22.69 4.01285
22.7 4.01521
22.71 4.01757
22.72 4.01993
22.73 4.02229
22.74 4.02465
22.75 4.02702
22.76 4.02938
22.77 4.03175
22.78 4.03412
22.79 4.03649
22.8 4.03886
22.81 4.04124
22.82 4.04361
22.83 4.04599
22.84 4.04836
22.85 4.05074
22.86 4.05312
22.87 4.0555
22.88 4.05789
22.89 4.06027
22.9 4.06266
22.91 4.06504
22.92 4.06743
22.93 4.06982
22.94 4.07221
22.95 4.0746
22.96 4.077
22.97 4.07939
22.98 4.08179
22.99 4.08419
23 4.08659
23.01 4.08899
23.02 4.09139
23.03 4.09379
23.04 4.0962
23.05 4.09861
23.06 4.10101
23.07 4.10342
23.08 4.10583
23.09 4.10825
23.1 4.11066
23.11 4.11307
23.12 4.11549
23.13 4.11791
23.14 4.12033
23.15 4.12275
23.16 4.12517
23.17 4.12759
23.18 4.13002
23.19 4.13244
23.2 4.13487
23.21 4.1373
23.22 4.13973
23.23 4.14216
23.24 4.1446
23.25 4.14703
23.26 4.14947
23.27 4.1519
23.28 4.15434
23.29 4.15678
23.3 4.15922
23.31 4.16167
23.32 4.16411
23.33 4.16656
23.34 4.16901
23.35 4.17145
23.36 4.1739
23.37 4.17636
23.38 4.17881
23.39 4.18126
23.4 4.18372
23.41 4.18618
23.42 4.18864
23.43 4.1911
23.44 4.19356
23.45 4.19602
23.46 4.19849
23.47 4.20095
23.48 4.20342
23.49 4.20589
23.5 4.20836
23.51 4.21083
23.52 4.2133
23.53 4.21578
23.54 4.21825
23.55 4.22073
23.56 4.22321
23.57 4.22569
23.58 4.22817
23.59 4.23066
23.6 4.23314
23.61 4.23563
23.62 4.23811
23.63 4.2406
23.64 4.24309
23.65 4.24559
23.66 4.24808
23.67 4.25057
23.68 4.25307
23.69 4.25557
23.7 4.25807
23.71 4.26057
23.72 4.26307
23.73 4.26557
23.74 4.26808
23.75 4.27059
23.76 4.27309
23.77 4.2756
23.78 4.27811
23.79 4.28063
23.8 4.28314
23.81 4.28566
23.82 4.28817
23.83 4.29069
23.84 4.29321
23.85 4.29573
23.86 4.29825
23.87 4.30078
23.88 4.3033
23.89 4.30583
23.9 4.30836
23.91 4.31089
23.92 4.31342
23.93 4.31595
23.94 4.31849
23.95 4.32102
23.96 4.32356
23.97 4.3261
23.98 4.32864
23.99 4.33118
24 4.33373
24.01 4.33627
24.02 4.33882
24.03 4.34137
24.04 4.34391
24.05 4.34646
24.06 4.34902
24.07 4.35157
24.08 4.35413
24.09 4.35668
24.1 4.35924
24.11 4.3618
24.12 4.36436
24.13 4.36692
24.14 4.36949
24.15 4.37205
24.16 4.37462
24.17 4.37719
24.18 4.37976
24.19 4.38233
24.2 4.3849
24.21 4.38748
24.22 4.39006
24.23 4.39263
24.24 4.39521
24.25 4.39779
24.26 4.40037
24.27 4.40296
24.28 4.40554
24.29 4.40813
24.3 4.41072
24.31 4.41331
24.32 4.4159
24.33 4.41849
24.34 4.42109
24.35 4.42368
24.36 4.42628
24.37 4.42888
24.38 4.43148
24.39 4.43408
24.4 4.43668
24.41 4.43929
24.42 4.44189
24.43 4.4445
24.44 4.44711
24.45 4.44972
24.46 4.45233
24.47 4.45495
24.48 4.45756
24.49 4.46018
24.5 4.4628
24.51 4.46542
24.52 4.46804
24.53 4.47066
24.54 4.47329
24.55 4.47591
24.56 4.47854
24.57 4.48117
24.58 4.4838
24.59 4.48643
24.6 4.48907
24.61 4.4917
24.62 4.49434
24.63 4.49698
24.64 4.49962
24.65 4.50226
24.66 4.5049
24.67 4.50755
24.68 4.51019
24.69 4.51284
24.7 4.51549
24.71 4.51814
24.72 4.52079
24.73 4.52345
24.74 4.5261
24.75 4.52876
24.76 4.53142
24.77 4.53408
24.78 4.53674
24.79 4.5394
24.8 4.54207
24.81 4.54473
24.82 4.5474
24.83 4.55007
24.84 4.55274
24.85 4.55541
24.86 4.55809
24.87 4.56076
24.88 4.56344
24.89 4.56612
24.9 4.5688
24.91 4.57148
24.92 4.57416
24.93 4.57685
24.94 4.57953
24.95 4.58222
24.96 4.58491
24.97 4.5876
24.98 4.5903
24.99 4.59299
25 4.59569
25.01 4.59838
25.02 4.60108
25.03 4.60378
25.04 4.60649
25.05 4.60919
25.06 4.61189
25.07 4.6146
25.08 4.61731
25.09 4.62002
25.1 4.62273
25.11 4.62544
25.12 4.62816
25.13 4.63088
25.14 4.63359
25.15 4.63631
25.16 4.63903
25.17 4.64176
25.18 4.64448
25.19 4.64721
25.2 4.64994
25.21 4.65266
25.22 4.65539
25.23 4.65813
25.24 4.66086
25.25 4.6636
25.26 4.66633
25.27 4.66907
25.28 4.67181
25.29 4.67455
25.3 4.6773
25.31 4.68004
25.32 4.68279
25.33 4.68554
25.34 4.68829
25.35 4.69104
25.36 4.69379
25.37 4.69655
25.38 4.6993
25.39 4.70206
25.4 4.70482
25.41 4.70758
25.42 4.71034
25.43 4.71311
25.44 4.71587
25.45 4.71864
25.46 4.72141
25.47 4.72418
25.48 4.72695
25.49 4.72973
25.5 4.7325
25.51 4.73528
25.52 4.73806
25.53 4.74084
25.54 4.74362
25.55 4.74641
25.56 4.74919
25.57 4.75198
25.58 4.75477
25.59 4.75756
25.6 4.76035
25.61 4.76314
25.62 4.76594
25.63 4.76873
25.64 4.77153
25.65 4.77433
25.66 4.77713
25.67 4.77994
25.68 4.78274
25.69 4.78555
25.7 4.78836
25.71 4.79117
25.72 4.79398
25.73 4.79679
25.74 4.79961
25.75 4.80242
25.76 4.80524
25.77 4.80806
25.78 4.81088
25.79 4.81371
25.8 4.81653
25.81 4.81936
25.82 4.82218
25.83 4.82501
25.84 4.82784
25.85 4.83068
25.86 4.83351
25.87 4.83635
25.88 4.83919
25.89 4.84203
25.9 4.84487
25.91 4.84771
25.92 4.85055
25.93 4.8534
25.94 4.85625
25.95 4.8591
25.96 4.86195
25.97 4.8648
25.98 4.86766
25.99 4.87051
26 4.87337
26.01 4.87623
26.02 4.87909
26.03 4.88195
26.04 4.88482
26.05 4.88768
26.06 4.89055
26.07 4.89342
26.08 4.89629
26.09 4.89916
26.1 4.90204
26.11 4.90492
26.12 4.90779
26.13 4.91067
26.14 4.91355
26.15 4.91644
26.16 4.91932
26.17 4.92221
26.18 4.9251
26.19 4.92798
26.2 4.93088
26.21 4.93377
26.22 4.93666
26.23 4.93956
26.24 4.94246
26.25 4.94536
26.26 4.94826
26.27 4.95116
26.28 4.95407
26.29 4.95697
26.3 4.95988
26.31 4.96279
26.32 4.9657
26.33 4.96862
26.34 4.97153
26.35 4.97445
26.36 4.97737
26.37 4.98029
26.38 4.98321
26.39 4.98613
26.4 4.98906
26.41 4.99198
26.42 4.99491
26.43 4.99784
26.44 5.00078
