t_Gyr a(t)
0.01 1.0007
0.02 1.0014
0.03 1.0021
0.04 1.0028
0.05 1.0035
0.06 1.0042
0.07 1.0049
0.08 1.0056
0.09 1.0063
0.1 1.007
0.11 1.0077
0.12 1.0084
0.13 1.00909
0.14 1.00979
0.15 1.01049
0.16 1.01119
0.17 1.01189
0.18 1.01259
0.19 1.01329
0.2 1.01399
0.21 1.01468
0.22 1.01538
0.23 1.01608
0.24 1.01678
0.25 1.01748
0.26 1.01818
0.27 1.01887
0.28 1.01957
0.29 1.02027
0.3 1.02097
0.31 1.02167
0.32 1.02236
0.33 1.02306
0.34 1.02376
0.35 1.02446
0.36 1.02515
0.37 1.02585
0.38 1.02655
0.39 1.02725
0.4 1.02794
0.41 1.02864
0.42 1.02934
0.43 1.03003
0.44 1.03073
0.45 1.03143
0.46 1.03213
0.47 1.03282
0.48 1.03352
0.49 1.03422
0.5 1.03491
0.51 1.03561
0.52 1.0363
0.53 1.037
0.54 1.0377
0.55 1.03839
0.56 1.03909
0.57 1.03979
0.58 1.04048
0.59 1.04118
0.6 1.04187
0.61 1.04257
0.62 1.04326
0.63 1.04396
0.64 1.04466
0.65 1.04535
0.66 1.04605
0.67 1.04674
0.68 1.04744
0.69 1.04813
0.7 1.04883
0.71 1.04952
0.72 1.05022
0.73 1.05091
0.74 1.05161
0.75 1.0523
0.76 1.053
0.77 1.05369
0.78 1.05439
0.79 1.05508
0.8 1.05578
0.81 1.05647
0.82 1.05716
0.83 1.05786
0.84 1.05855
0.85 1.05925
0.86 1.05994
0.87 1.06064
0.88 1.06133
0.89 1.06202
0.9 1.06272
0.91 1.06341
0.92 1.0641
0.93 1.0648
0.94 1.06549
0.95 1.06619
0.96 1.06688
0.97 1.06757
0.98 1.06827
0.99 1.06896
1 1.06965
1.01 1.07035
1.02 1.07104
1.03 1.07173
1.04 1.07242
1.05 1.07312
1.06 1.07381
1.07 1.0745
1.08 1.0752
1.09 1.07589
1.1 1.07658
1.11 1.07727
1.12 1.07797
1.13 1.07866
1.14 1.07935
1.15 1.08004
1.16 1.08073
1.17 1.08143
1.18 1.08212
1.19 1.08281
1.2 1.0835
1.21 1.08419
1.22 1.08489
1.23 1.08558
1.24 1.08627
1.25 1.08696
1.26 1.08765
1.27 1.08834
1.28 1.08904
1.29 1.08973
1.3 1.09042
1.31 1.09111
1.32 1.0918
1.33 1.09249
1.34 1.09318
1.35 1.09387
1.36 1.09456
1.37 1.09526
1.38 1.09595
1.39 1.09664
1.4 1.09733
1.41 1.09802
1.42 1.09871
1.43 1.0994
1.44 1.10009
1.45 1.10078
1.46 1.10147
1.47 1.10216
1.48 1.10285
1.49 1.10354
1.5 1.10423
1.51 1.10492
1.52 1.10561
1.53 1.1063
1.54 1.10699
1.55 1.10768
1.56 1.10837
1.57 1.10906
1.58 1.10975
1.59 1.11044
1.6 1.11113
1.61 1.11182
1.62 1.11251
1.63 1.1132
1.64 1.11389
1.65 1.11458
1.66 1.11526
1.67 1.11595
1.68 1.11664
1.69 1.11733
1.7 1.11802
1.71 1.11871
1.72 1.1194
1.73 1.12009
1.74 1.12078
1.75 1.12146
1.76 1.12215
1.77 1.12284
1.78 1.12353
1.79 1.12422
1.8 1.12491
1.81 1.12559
1.82 1.12628
1.83 1.12697
1.84 1.12766
1.85 1.12835
1.86 1.12903
1.87 1.12972
1.88 1.13041
1.89 1.1311
1.9 1.13179
1.91 1.13247
1.92 1.13316
1.93 1.13385
1.94 1.13454
1.95 1.13522
1.96 1.13591
1.97 1.1366
1.98 1.13729
1.99 1.13797
2 1.13866
2.01 1.13935
2.02 1.14003
2.03 1.14072
2.04 1.14141
2.05 1.1421
2.06 1.14278
2.07 1.14347
2.08 1.14416
2.09 1.14484
2.1 1.14553
2.11 1.14622
2.12 1.1469
2.13 1.14759
2.14 1.14827
2.15 1.14896
2.16 1.14965
2.17 1.15033
2.18 1.15102
2.19 1.15171
2.2 1.15239
2.21 1.15308
2.22 1.15376
2.23 1.15445
2.24 1.15513
2.25 1.15582
2.26 1.15651
2.27 1.15719
2.28 1.15788
2.29 1.15856
2.3 1.15925
2.31 1.15993
2.32 1.16062
2.33 1.1613
2.34 1.16199
2.35 1.16268
2.36 1.16336
2.37 1.16405
2.38 1.16473
2.39 1.16542
2.4 1.1661
2.41 1.16679
2.42 1.16747
2.43 1.16815
2.44 1.16884
2.45 1.16952
2.46 1.17021
2.47 1.17089
2.48 1.17158
2.49 1.17226
2.5 1.17295
2.51 1.17363
2.52 1.17432
2.53 1.175
2.54 1.17568
2.55 1.17637
2.56 1.17705
2.57 1.17774
2.58 1.17842
2.59 1.1791
2.6 1.17979
2.61 1.18047
2.62 1.18116
2.63 1.18184
2.64 1.18252
2.65 1.18321
2.66 1.18389
2.67 1.18457
2.68 1.18526
2.69 1.18594
2.7 1.18662
2.71 1.18731
2.72 1.18799
2.73 1.18867
2.74 1.18936
2.75 1.19004
2.76 1.19072
2.77 1.19141
2.78 1.19209
2.79 1.19277
2.8 1.19345
2.81 1.19414
2.82 1.19482
2.83 1.1955
2.84 1.19618
2.85 1.19687
2.86 1.19755
2.87 1.19823
2.88 1.19891
2.89 1.1996
2.9 1.20028
2.91 1.20096
2.92 1.20164
2.93 1.20233
2.94 1.20301
2.95 1.20369
2.96 1.20437
2.97 1.20505
2.98 1.20574
2.99 1.20642
3 1.2071
3.01 1.20778
3.02 1.20846
3.03 1.20914
3.04 1.20983
3.05 1.21051
3.06 1.21119
3.07 1.21187
3.08 1.21255
3.09 1.21323
3.1 1.21391
3.11 1.2146
3.12 1.21528
3.13 1.21596
3.14 1.21664
3.15 1.21732
3.16 1.218
3.17 1.21868
3.18 1.21936
3.19 1.22004
3.2 1.22073
3.21 1.22141
3.22 1.22209
3.23 1.22277
3.24 1.22345
3.25 1.22413
3.26 1.22481
3.27 1.22549
3.28 1.22617
3.29 1.22685
3.3 1.22753
3.31 1.22821
3.32 1.22889
3.33 1.22957
3.34 1.23025
3.35 1.23093
3.36 1.23161
3.37 1.23229
3.38 1.23297
3.39 1.23365
3.4 1.23433
3.41 1.23501
3.42 1.23569
3.43 1.23637
3.44 1.23705
3.45 1.23773
3.46 1.23841
3.47 1.23909
3.48 1.23977
3.49 1.24045
3.5 1.24113
3.51 1.24181
3.52 1.24248
3.53 1.24316
3.54 1.24384
3.55 1.24452
3.56 1.2452
3.57 1.24588
3.58 1.24656
3.59 1.24724
3.6 1.24792
3.61 1.2486
3.62 1.24927
3.63 1.24995
3.64 1.25063
3.65 1.25131
3.66 1.25199
3.67 1.25267
3.68 1.25335
3.69 1.25402
3.7 1.2547
3.71 1.25538
3.72 1.25606
3.73 1.25674
3.74 1.25742
3.75 1.25809
3.76 1.25877
3.77 1.25945
3.78 1.26013
3.79 1.26081
3.8 1.26148
3.81 1.26216
3.82 1.26284
3.83 1.26352
3.84 1.2642
3.85 1.26487
3.86 1.26555
3.87 1.26623
3.88 1.26691
3.89 1.26758
3.9 1.26826
3.91 1.26894
3.92 1.26962
3.93 1.27029
3.94 1.27097
3.95 1.27165
3.96 1.27233
3.97 1.273
3.98 1.27368
3.99 1.27436
4 1.27503
4.01 1.27571
4.02 1.27639
4.03 1.27706
4.04 1.27774
4.05 1.27842
4.06 1.27909
4.07 1.27977
4.08 1.28045
4.09 1.28112
4.1 1.2818
4.11 1.28248
4.12 1.28315
4.13 1.28383
4.14 1.28451
4.15 1.28518
4.16 1.28586
4.17 1.28654
4.18 1.28721
4.19 1.28789
4.2 1.28856
4.21 1.28924
4.22 1.28992
4.23 1.29059
4.24 1.29127
4.25 1.29194
4.26 1.29262
4.27 1.2933
4.28 1.29397
4.29 1.29465
4.3 1.29532
4.31 1.296
4.32 1.29667
4.33 1.29735
4.34 1.29803
4.35 1.2987
4.36 1.29938
4.37 1.30005
4.38 1.30073
4.39 1.3014
4.4 1.30208
4.41 1.30275
4.42 1.30343
4.43 1.3041
4.44 1.30478
4.45 1.30545
4.46 1.30613
4.47 1.3068
4.48 1.30748
4.49 1.30815
4.5 1.30883
4.51 1.3095
4.52 1.31018
4.53 1.31085
4.54 1.31153
4.55 1.3122
4.56 1.31288
4.57 1.31355
4.58 1.31422
4.59 1.3149
4.6 1.31557
4.61 1.31625
4.62 1.31692
4.63 1.3176
4.64 1.31827
4.65 1.31894
4.66 1.31962
4.67 1.32029
4.68 1.32097
4.69 1.32164
4.7 1.32232
4.71 1.32299
4.72 1.32366
4.73 1.32434
4.74 1.32501
4.75 1.32568
4.76 1.32636
4.77 1.32703
4.78 1.32771
4.79 1.32838
4.8 1.32905
4.81 1.32973
4.82 1.3304
4.83 1.33107
4.84 1.33175
4.85 1.33242
4.86 1.33309
4.87 1.33377
4.88 1.33444
4.89 1.33511
4.9 1.33579
4.91 1.33646
4.92 1.33713
4.93 1.3378
4.94 1.33848
4.95 1.33915
4.96 1.33982
4.97 1.3405
4.98 1.34117
4.99 1.34184
5 1.34251
5.01 1.34319
5.02 1.34386
5.03 1.34453
5.04 1.34521
5.05 1.34588
5.06 1.34655
5.07 1.34722
5.08 1.34789
5.09 1.34857
5.1 1.34924
5.11 1.34991
5.12 1.35058
5.13 1.35126
5.14 1.35193
5.15 1.3526
5.16 1.35327
5.17 1.35394
5.18 1.35462
5.19 1.35529
5.2 1.35596
5.21 1.35663
5.22 1.3573
5.23 1.35798
5.24 1.35865
5.25 1.35932
5.26 1.35999
5.27 1.36066
5.28 1.36133
5.29 1.36201
5.3 1.36268
5.31 1.36335
5.32 1.36402
5.33 1.36469
5.34 1.36536
5.35 1.36603
5.36 1.36671
5.37 1.36738
5.38 1.36805
5.39 1.36872
5.4 1.36939
5.41 1.37006
5.42 1.37073
5.43 1.3714
5.44 1.37207
5.45 1.37275
5.46 1.37342
5.47 1.37409
5.48 1.37476
5.49 1.37543
5.5 1.3761
5.51 1.37677
5.52 1.37744
5.53 1.37811
5.54 1.37878
5.55 1.37945
5.56 1.38012
5.57 1.38079
5.58 1.38146
5.59 1.38213
5.6 1.3828
5.61 1.38347
5.62 1.38415
5.63 1.38482
5.64 1.38549
5.65 1.38616
5.66 1.38683
5.67 1.3875
5.68 1.38817
5.69 1.38884
5.7 1.38951
5.71 1.39018
5.72 1.39085
5.73 1.39152
5.74 1.39219
5.75 1.39286
5.76 1.39352
5.77 1.39419
5.78 1.39486
5.79 1.39553
5.8 1.3962
5.81 1.39687
5.82 1.39754
5.83 1.39821
5.84 1.39888
5.85 1.39955
5.86 1.40022
5.87 1.40089
5.88 1.40156
5.89 1.40223
5.9 1.4029
5.91 1.40357
5.92 1.40424
5.93 1.4049
5.94 1.40557
5.95 1.40624
5.96 1.40691
5.97 1.40758
5.98 1.40825
5.99 1.40892
6 1.40959
6.01 1.41026
6.02 1.41092
6.03 1.41159
6.04 1.41226
6.05 1.41293
6.06 1.4136
6.07 1.41427
6.08 1.41494
6.09 1.4156
6.1 1.41627
6.11 1.41694
6.12 1.41761
6.13 1.41828
6.14 1.41895
6.15 1.41962
6.16 1.42028
6.17 1.42095
6.18 1.42162
6.19 1.42229
6.2 1.42296
6.21 1.42362
6.22 1.42429
6.23 1.42496
6.24 1.42563
6.25 1.4263
6.26 1.42696
6.27 1.42763
6.28 1.4283
6.29 1.42897
6.3 1.42963
6.31 1.4303
6.32 1.43097
6.33 1.43164
6.34 1.43231
6.35 1.43297
6.36 1.43364
6.37 1.43431
6.38 1.43498
6.39 1.43564
6.4 1.43631
6.41 1.43698
6.42 1.43764
6.43 1.43831
6.44 1.43898
6.45 1.43965
6.46 1.44031
6.47 1.44098
6.48 1.44165
6.49 1.44232
6.5 1.44298
6.51 1.44365
6.52 1.44432
6.53 1.44498
6.54 1.44565
6.55 1.44632
6.56 1.44698
6.57 1.44765
6.58 1.44832
6.59 1.44898
6.6 1.44965
6.61 1.45032
6.62 1.45098
6.63 1.45165
6.64 1.45232
6.65 1.45298
6.66 1.45365
6.67 1.45432
6.68 1.45498
6.69 1.45565
6.7 1.45632
6.71 1.45698
6.72 1.45765
6.73 1.45831
6.74 1.45898
6.75 1.45965
6.76 1.46031
6.77 1.46098
6.78 1.46164
6.79 1.46231
6.8 1.46298
6.81 1.46364
6.82 1.46431
6.83 1.46497
6.84 1.46564
6.85 1.46631
6.86 1.46697
6.87 1.46764
6.88 1.4683
6.89 1.46897
6.9 1.46963
6.91 1.4703
6.92 1.47097
6.93 1.47163
6.94 1.4723
6.95 1.47296
6.96 1.47363
6.97 1.47429
6.98 1.47496
6.99 1.47562
7 1.47629
7.01 1.47695
7.02 1.47762
7.03 1.47828
7.04 1.47895
7.05 1.47961
7.06 1.48028
7.07 1.48095
7.08 1.48161
7.09 1.48228
7.1 1.48294
7.11 1.4836
7.12 1.48427
7.13 1.48493
7.14 1.4856
7.15 1.48626
7.16 1.48693
7.17 1.48759
7.18 1.48826
7.19 1.48892
7.2 1.48959
7.21 1.49025
7.22 1.49092
7.23 1.49158
7.24 1.49225
7.25 1.49291
7.26 1.49357
7.27 1.49424
7.28 1.4949
7.29 1.49557
7.3 1.49623
7.31 1.4969
7.32 1.49756
7.33 1.49822
7.34 1.49889
7.35 1.49955
7.36 1.50022
7.37 1.50088
7.38 1.50155
7.39 1.50221
7.4 1.50287
7.41 1.50354
7.42 1.5042
7.43 1.50487
7.44 1.50553
7.45 1.50619
7.46 1.50686
7.47 1.50752
7.48 1.50818
7.49 1.50885
7.5 1.50951
7.51 1.51017
7.52 1.51084
7.53 1.5115
7.54 1.51217
7.55 1.51283
7.56 1.51349
7.57 1.51416
7.58 1.51482
7.59 1.51548
7.6 1.51615
7.61 1.51681
7.62 1.51747
7.63 1.51814
7.64 1.5188
7.65 1.51946
7.66 1.52013
7.67 1.52079
7.68 1.52145
7.69 1.52211
7.7 1.52278
7.71 1.52344
7.72 1.5241
7.73 1.52477
7.74 1.52543
7.75 1.52609
7.76 1.52675
7.77 1.52742
7.78 1.52808
7.79 1.52874
7.8 1.52941
7.81 1.53007
7.82 1.53073
7.83 1.53139
7.84 1.53206
7.85 1.53272
7.86 1.53338
7.87 1.53404
7.88 1.53471
7.89 1.53537
7.9 1.53603
7.91 1.53669
7.92 1.53736
7.93 1.53802
7.94 1.53868
7.95 1.53934
7.96 1.54
7.97 1.54067
7.98 1.54133
7.99 1.54199
8 1.54265
8.01 1.54332
8.02 1.54398
8.03 1.54464
8.04 1.5453
8.05 1.54596
8.06 1.54662
8.07 1.54729
8.08 1.54795
8.09 1.54861
8.1 1.54927
8.11 1.54993
8.12 1.5506
8.13 1.55126
8.14 1.55192
8.15 1.55258
8.16 1.55324
8.17 1.5539
8.18 1.55456
8.19 1.55523
8.2 1.55589
8.21 1.55655
8.22 1.55721
8.23 1.55787
8.24 1.55853
8.25 1.55919
8.26 1.55986
8.27 1.56052
8.28 1.56118
8.29 1.56184
8.3 1.5625
8.31 1.56316
8.32 1.56382
8.33 1.56448
8.34 1.56515
8.35 1.56581
8.36 1.56647
8.37 1.56713
8.38 1.56779
8.39 1.56845
8.4 1.56911
8.41 1.56977
8.42 1.57043
8.43 1.57109
8.44 1.57175
8.45 1.57241
8.46 1.57308
8.47 1.57374
8.48 1.5744
8.49 1.57506
8.5 1.57572
8.51 1.57638
8.52 1.57704
8.53 1.5777
8.54 1.57836
8.55 1.57902
8.56 1.57968
8.57 1.58034
8.58 1.581
8.59 1.58166
8.6 1.58232
8.61 1.58298
8.62 1.58364
8.63 1.5843
8.64 1.58496
8.65 1.58562
8.66 1.58628
8.67 1.58694
8.68 1.5876
8.69 1.58826
8.7 1.58892
8.71 1.58958
8.72 1.59024
8.73 1.5909
8.74 1.59156
8.75 1.59222
8.76 1.59288
8.77 1.59354
8.78 1.5942
8.79 1.59486
8.8 1.59552
8.81 1.59618
8.82 1.59684
8.83 1.5975
8.84 1.59816
8.85 1.59882
8.86 1.59948
8.87 1.60014
8.88 1.6008
8.89 1.60146
8.9 1.60212
8.91 1.60277
8.92 1.60343
8.93 1.60409
8.94 1.60475
8.95 1.60541
8.96 1.60607
8.97 1.60673
8.98 1.60739
8.99 1.60805
9 1.60871
9.01 1.60937
9.02 1.61003
9.03 1.61069
9.04 1.61134
9.05 1.612
9.06 1.61266
9.07 1.61332
9.08 1.61398
9.09 1.61464
9.1 1.6153
9.11 1.61596
9.12 1.61661
9.13 1.61727
9.14 1.61793
9.15 1.61859
9.16 1.61925
9.17 1.61991
9.18 1.62057
9.19 1.62123
9.2 1.62188
9.21 1.62254
9.22 1.6232
9.23 1.62386
9.24 1.62452
9.25 1.62518
9.26 1.62583
9.27 1.62649
9.28 1.62715
9.29 1.62781
9.3 1.62847
9.31 1.62913
9.32 1.62978
9.33 1.63044
9.34 1.6311
9.35 1.63176
9.36 1.63242
9.37 1.63307
9.38 1.63373
9.39 1.63439
9.4 1.63505
9.41 1.63571
9.42 1.63636
9.43 1.63702
9.44 1.63768
9.45 1.63834
9.46 1.639
9.47 1.63965
9.48 1.64031
9.49 1.64097
9.5 1.64163
9.51 1.64228
9.52 1.64294
9.53 1.6436
9.54 1.64426
9.55 1.64492
9.56 1.64557
9.57 1.64623
9.58 1.64689
9.59 1.64755
9.6 1.6482
9.61 1.64886
9.62 1.64952
9.63 1.65017
9.64 1.65083
9.65 1.65149
9.66 1.65215
9.67 1.6528
9.68 1.65346
9.69 1.65412
9.7 1.65478
9.71 1.65543
9.72 1.65609
9.73 1.65675
9.74 1.6574
9.75 1.65806
9.76 1.65872
9.77 1.65938
9.78 1.66003
9.79 1.66069
9.8 1.66135
9.81 1.662
9.82 1.66266
9.83 1.66332
9.84 1.66397
9.85 1.66463
9.86 1.66529
9.87 1.66594
9.88 1.6666
9.89 1.66726
9.9 1.66791
9.91 1.66857
9.92 1.66923
9.93 1.66988
9.94 1.67054
9.95 1.6712
9.96 1.67185
9.97 1.67251
9.98 1.67317
9.99 1.67382
10 1.67448
10.01 1.67513
10.02 1.67579
10.03 1.67645
10.04 1.6771
10.05 1.67776
10.06 1.67842
10.07 1.67907
10.08 1.67973
10.09 1.68038
10.1 1.68104
10.11 1.6817
10.12 1.68235
10.13 1.68301
10.14 1.68366
10.15 1.68432
10.16 1.68498
10.17 1.68563
10.18 1.68629
10.19 1.68694
10.2 1.6876
10.21 1.68826
10.22 1.68891
10.23 1.68957
10.24 1.69022
10.25 1.69088
10.26 1.69153
10.27 1.69219
10.28 1.69285
10.29 1.6935
10.3 1.69416
10.31 1.69481
10.32 1.69547
10.33 1.69612
10.34 1.69678
10.35 1.69743
10.36 1.69809
10.37 1.69875
10.38 1.6994
10.39 1.70006
10.4 1.70071
10.41 1.70137
10.42 1.70202
10.43 1.70268
10.44 1.70333
10.45 1.70399
10.46 1.70464
10.47 1.7053
10.48 1.70595
10.49 1.70661
10.5 1.70726
10.51 1.70792
10.52 1.70857
10.53 1.70923
10.54 1.70988
10.55 1.71054
10.56 1.71119
10.57 1.71185
10.58 1.7125
10.59 1.71316
10.6 1.71381
10.61 1.71447
10.62 1.71512
10.63 1.71578
10.64 1.71643
10.65 1.71709
10.66 1.71774
10.67 1.7184
10.68 1.71905
10.69 1.71971
10.7 1.72036
10.71 1.72101
10.72 1.72167
10.73 1.72232
10.74 1.72298
10.75 1.72363
10.76 1.72429
10.77 1.72494
10.78 1.7256
10.79 1.72625
10.8 1.7269
10.81 1.72756
10.82 1.72821
10.83 1.72887
10.84 1.72952
10.85 1.73018
10.86 1.73083
10.87 1.73148
10.88 1.73214
10.89 1.73279
10.9 1.73345
10.91 1.7341
10.92 1.73475
10.93 1.73541
10.94 1.73606
10.95 1.73672
10.96 1.73737
10.97 1.73802
10.98 1.73868
10.99 1.73933
11 1.73999
11.01 1.74064
11.02 1.74129
11.03 1.74195
11.04 1.7426
11.05 1.74326
11.06 1.74391
11.07 1.74456
11.08 1.74522
11.09 1.74587
11.1 1.74652
11.11 1.74718
11.12 1.74783
11.13 1.74848
11.14 1.74914
11.15 1.74979
11.16 1.75044
11.17 1.7511
11.18 1.75175
11.19 1.7524
11.2 1.75306
11.21 1.75371
11.22 1.75436
11.23 1.75502
11.24 1.75567
11.25 1.75632
11.26 1.75698
11.27 1.75763
11.28 1.75828
11.29 1.75894
11.3 1.75959
11.31 1.76024
11.32 1.7609
11.33 1.76155
11.34 1.7622
11.35 1.76286
11.36 1.76351
11.37 1.76416
11.38 1.76481
11.39 1.76547
11.4 1.76612
11.41 1.76677
11.42 1.76743
11.43 1.76808
11.44 1.76873
11.45 1.76938
11.46 1.77004
11.47 1.77069
11.48 1.77134
11.49 1.772
11.5 1.77265
11.51 1.7733
11.52 1.77395
11.53 1.77461
11.54 1.77526
11.55 1.77591
11.56 1.77656
11.57 1.77722
11.58 1.77787
11.59 1.77852
11.6 1.77917
11.61 1.77983
11.62 1.78048
11.63 1.78113
11.64 1.78178
11.65 1.78244
11.66 1.78309
11.67 1.78374
11.68 1.78439
11.69 1.78504
11.7 1.7857
11.71 1.78635
11.72 1.787
11.73 1.78765
11.74 1.7883
11.75 1.78896
11.76 1.78961
11.77 1.79026
11.78 1.79091
11.79 1.79156
11.8 1.79222
11.81 1.79287
11.82 1.79352
11.83 1.79417
11.84 1.79482
11.85 1.79548
11.86 1.79613
11.87 1.79678
11.88 1.79743
11.89 1.79808
11.9 1.79874
11.91 1.79939
11.92 1.80004
11.93 1.80069
11.94 1.80134
11.95 1.80199
11.96 1.80265
11.97 1.8033
11.98 1.80395
11.99 1.8046
12 1.80525
12.01 1.8059
12.02 1.80655
12.03 1.80721
12.04 1.80786
12.05 1.80851
12.06 1.80916
12.07 1.80981
12.08 1.81046
12.09 1.81111
12.1 1.81177
12.11 1.81242
12.12 1.81307
12.13 1.81372
12.14 1.81437
12.15 1.81502
12.16 1.81567
12.17 1.81632
12.18 1.81697
12.19 1.81763
12.2 1.81828
12.21 1.81893
12.22 1.81958
12.23 1.82023
12.24 1.82088
12.25 1.82153
12.26 1.82218
12.27 1.82283
12.28 1.82348
12.29 1.82414
12.3 1.82479
12.31 1.82544
12.32 1.82609
12.33 1.82674
12.34 1.82739
12.35 1.82804
12.36 1.82869
12.37 1.82934
12.38 1.82999
12.39 1.83064
12.4 1.83129
12.41 1.83194
12.42 1.83259
12.43 1.83324
12.44 1.8339
12.45 1.83455
12.46 1.8352
12.47 1.83585
12.48 1.8365
12.49 1.83715
12.5 1.8378
12.51 1.83845
12.52 1.8391
12.53 1.83975
12.54 1.8404
12.55 1.84105
12.56 1.8417
12.57 1.84235
12.58 1.843
12.59 1.84365
12.6 1.8443
12.61 1.84495
12.62 1.8456
12.63 1.84625
12.64 1.8469
12.65 1.84755
12.66 1.8482
12.67 1.84885
12.68 1.8495
12.69 1.85015
12.7 1.8508
12.71 1.85145
12.72 1.8521
12.73 1.85275
12.74 1.8534
12.75 1.85405
12.76 1.8547
12.77 1.85535
12.78 1.856
12.79 1.85665
12.8 1.8573
12.81 1.85795
12.82 1.8586
12.83 1.85925
12.84 1.8599
12.85 1.86055
12.86 1.8612
12.87 1.86185
12.88 1.8625
12.89 1.86315
12.9 1.8638
12.91 1.86445
12.92 1.8651
12.93 1.86574
12.94 1.86639
12.95 1.86704
12.96 1.86769
12.97 1.86834
12.98 1.86899
12.99 1.86964
13 1.87029
13.01 1.87094
13.02 1.87159
13.03 1.87224
13.04 1.87289
13.05 1.87354
13.06 1.87419
13.07 1.87484
13.08 1.87548
13.09 1.87613
13.1 1.87678
13.11 1.87743
13.12 1.87808
13.13 1.87873
13.14 1.87938
13.15 1.88003
13.16 1.88068
13.17 1.88133
13.18 1.88197
13.19 1.88262
13.2 1.88327
13.21 1.88392
13.22 1.88457
13.23 1.88522
13.24 1.88587
13.25 1.88652
13.26 1.88717
13.27 1.88781
13.28 1.88846
13.29 1.88911
13.3 1.88976
13.31 1.89041
13.32 1.89106
13.33 1.89171
13.34 1.89236
13.35 1.893
13.36 1.89365
13.37 1.8943
13.38 1.89495
13.39 1.8956
13.4 1.89625
13.41 1.89689
13.42 1.89754
13.43 1.89819
13.44 1.89884
13.45 1.89949
13.46 1.90014
13.47 1.90079
13.48 1.90143
13.49 1.90208
13.5 1.90273
13.51 1.90338
13.52 1.90403
13.53 1.90468
13.54 1.90532
13.55 1.90597
13.56 1.90662
13.57 1.90727
13.58 1.90792
13.59 1.90856
13.6 1.90921
13.61 1.90986
13.62 1.91051
13.63 1.91116
13.64 1.9118
13.65 1.91245
13.66 1.9131
13.67 1.91375
13.68 1.9144
13.69 1.91504
13.7 1.91569
13.71 1.91634
13.72 1.91699
13.73 1.91764
13.74 1.91828
13.75 1.91893
13.76 1.91958
13.77 1.92023
13.78 1.92087
13.79 1.92152
13.8 1.92217
13.81 1.92282
13.82 1.92347
13.83 1.92411
13.84 1.92476
13.85 1.92541
13.86 1.92606
13.87 1.9267
13.88 1.92735
13.89 1.928
13.9 1.92865
13.91 1.92929
13.92 1.92994
13.93 1.93059
13.94 1.93124
13.95 1.93188
13.96 1.93253
13.97 1.93318
13.98 1.93382
13.99 1.93447
14 1.93512
14.01 1.93577
14.02 1.93641
14.03 1.93706
14.04 1.93771
14.05 1.93836
14.06 1.939
14.07 1.93965
14.08 1.9403
14.09 1.94094
14.1 1.94159
14.11 1.94224
14.12 1.94289
14.13 1.94353
14.14 1.94418
14.15 1.94483
14.16 1.94547
14.17 1.94612
14.18 1.94677
14.19 1.94741
14.2 1.94806
14.21 1.94871
14.22 1.94935
14.23 1.95
14.24 1.95065
14.25 1.9513
14.26 1.95194
14.27 1.95259
14.28 1.95324
14.29 1.95388
14.3 1.95453
14.31 1.95518
14.32 1.95582
14.33 1.95647
14.34 1.95712
14.35 1.95776
14.36 1.95841
14.37 1.95906
14.38 1.9597
14.39 1.96035
14.4 1.961
14.41 1.96164
14.42 1.96229
14.43 1.96293
14.44 1.96358
14.45 1.96423
14.46 1.96487
14.47 1.96552
14.48 1.96617
14.49 1.96681
14.5 1.96746
14.51 1.96811
14.52 1.96875
14.53 1.9694
14.54 1.97004
14.55 1.97069
14.56 1.97134
14.57 1.97198
14.58 1.97263
14.59 1.97328
14.6 1.97392
14.61 1.97457
14.62 1.97521
14.63 1.97586
14.64 1.97651
14.65 1.97715
14.66 1.9778
14.67 1.97844
14.68 1.97909
14.69 1.97974
14.7 1.98038
14.71 1.98103
14.72 1.98167
14.73 1.98232
14.74 1.98297
14.75 1.98361
14.76 1.98426
14.77 1.9849
14.78 1.98555
14.79 1.98619
14.8 1.98684
14.81 1.98749
14.82 1.98813
14.83 1.98878
14.84 1.98942
14.85 1.99007
14.86 1.99071
14.87 1.99136
14.88 1.99201
14.89 1.99265
14.9 1.9933
14.91 1.99394
14.92 1.99459
14.93 1.99523
14.94 1.99588
14.95 1.99652
14.96 1.99717
14.97 1.99782
14.98 1.99846
14.99 1.99911
15 1.99975
15.01 2.0004
15.02 2.00104
15.03 2.00169
15.04 2.00233
15.05 2.00298
15.06 2.00362
15.07 2.00427
15.08 2.00491
15.09 2.00556
15.1 2.0062
15.11 2.00685
15.12 2.0075
15.13 2.00814
15.14 2.00879
15.15 2.00943
15.16 2.01008
15.17 2.01072
15.18 2.01137
15.19 2.01201
15.2 2.01266
15.21 2.0133
15.22 2.01395
15.23 2.01459
15.24 2.01524
15.25 2.01588
15.26 2.01653
15.27 2.01717
15.28 2.01782
15.29 2.01846
15.3 2.01911
15.31 2.01975
15.32 2.02039
15.33 2.02104
15.34 2.02168
15.35 2.02233
15.36 2.02297
15.37 2.02362
15.38 2.02426
15.39 2.02491
15.4 2.02555
15.41 2.0262
15.42 2.02684
15.43 2.02749
15.44 2.02813
15.45 2.02878
15.46 2.02942
15.47 2.03006
15.48 2.03071
15.49 2.03135
15.5 2.032
15.51 2.03264
15.52 2.03329
15.53 2.03393
15.54 2.03458
15.55 2.03522
15.56 2.03586
15.57 2.03651
15.58 2.03715
15.59 2.0378
15.6 2.03844
15.61 2.03909
15.62 2.03973
15.63 2.04037
15.64 2.04102
15.65 2.04166
15.66 2.04231
15.67 2.04295
15.68 2.0436
15.69 2.04424
15.7 2.04488
15.71 2.04553
15.72 2.04617
15.73 2.04682
15.74 2.04746
15.75 2.0481
15.76 2.04875
15.77 2.04939
15.78 2.05004
15.79 2.05068
15.8 2.05132
15.81 2.05197
15.82 2.05261
15.83 2.05326
15.84 2.0539
15.85 2.05454
15.86 2.05519
15.87 2.05583
15.88 2.05648
15.89 2.05712
15.9 2.05776
15.91 2.05841
15.92 2.05905
15.93 2.05969
15.94 2.06034
15.95 2.06098
15.96 2.06163
15.97 2.06227
15.98 2.06291
15.99 2.06356
16 2.0642
16.01 2.06484
16.02 2.06549
16.03 2.06613
16.04 2.06677
16.05 2.06742
16.06 2.06806
16.07 2.0687
16.08 2.06935
16.09 2.06999
16.1 2.07064
16.11 2.07128
16.12 2.07192
16.13 2.07257
16.14 2.07321
16.15 2.07385
16.16 2.0745
16.17 2.07514
16.18 2.07578
16.19 2.07643
16.2 2.07707
16.21 2.07771
16.22 2.07836
16.23 2.079
16.24 2.07964
16.25 2.08028
16.26 2.08093
16.27 2.08157
16.28 2.08221
16.29 2.08286
16.3 2.0835
16.31 2.08414
16.32 2.08479
16.33 2.08543
16.34 2.08607
16.35 2.08672
16.36 2.08736
16.37 2.088
16.38 2.08864
16.39 2.08929
16.4 2.08993
16.41 2.09057
16.42 2.09122
16.43 2.09186
16.44 2.0925
16.45 2.09314
16.46 2.09379
16.47 2.09443
16.48 2.09507
16.49 2.09572
16.5 2.09636
16.51 2.097
16.52 2.09764
16.53 2.09829
16.54 2.09893
16.55 2.09957
16.56 2.10022
16.57 2.10086
16.58 2.1015
16.59 2.10214
16.6 2.10279
16.61 2.10343
16.62 2.10407
16.63 2.10471
16.64 2.10536
16.65 2.106
16.66 2.10664
16.67 2.10728
16.68 2.10793
16.69 2.10857
16.7 2.10921
16.71 2.10985
16.72 2.1105
16.73 2.11114
16.74 2.11178
16.75 2.11242
16.76 2.11306
16.77 2.11371
16.78 2.11435
16.79 2.11499
16.8 2.11563
16.81 2.11628
16.82 2.11692
16.83 2.11756
16.84 2.1182
16.85 2.11885
16.86 2.11949
16.87 2.12013
16.88 2.12077
16.89 2.12141
16.9 2.12206
16.91 2.1227
16.92 2.12334
16.93 2.12398
16.94 2.12462
16.95 2.12527
16.96 2.12591
16.97 2.12655
16.98 2.12719
16.99 2.12783
17 2.12848
17.01 2.12912
17.02 2.12976
17.03 2.1304
17.04 2.13104
17.05 2.13169
17.06 2.13233
17.07 2.13297
17.08 2.13361
17.09 2.13425
17.1 2.13489
17.11 2.13554
17.12 2.13618
17.13 2.13682
17.14 2.13746
17.15 2.1381
17.16 2.13874
17.17 2.13939
17.18 2.14003
17.19 2.14067
17.2 2.14131
17.21 2.14195
17.22 2.14259
17.23 2.14324
17.24 2.14388
17.25 2.14452
17.26 2.14516
17.27 2.1458
17.28 2.14644
17.29 2.14709
17.3 2.14773
17.31 2.14837
17.32 2.14901
17.33 2.14965
17.34 2.15029
17.35 2.15093
17.36 2.15157
17.37 2.15222
17.38 2.15286
17.39 2.1535
17.4 2.15414
17.41 2.15478
17.42 2.15542
17.43 2.15606
17.44 2.15671
17.45 2.15735
17.46 2.15799
17.47 2.15863
17.48 2.15927
17.49 2.15991
17.5 2.16055
17.51 2.16119
17.52 2.16183
17.53 2.16248
17.54 2.16312
17.55 2.16376
17.56 2.1644
17.57 2.16504
17.58 2.16568
17.59 2.16632
17.6 2.16696
17.61 2.1676
17.62 2.16824
17.63 2.16889
17.64 2.16953
17.65 2.17017
17.66 2.17081
17.67 2.17145
17.68 2.17209
17.69 2.17273
17.7 2.17337
17.71 2.17401
17.72 2.17465
17.73 2.17529
17.74 2.17593
17.75 2.17658
17.76 2.17722
17.77 2.17786
17.78 2.1785
17.79 2.17914
17.8 2.17978
17.81 2.18042
17.82 2.18106
17.83 2.1817
17.84 2.18234
17.85 2.18298
17.86 2.18362
17.87 2.18426
17.88 2.1849
17.89 2.18554
17.9 2.18619
17.91 2.18683
17.92 2.18747
17.93 2.18811
17.94 2.18875
17.95 2.18939
17.96 2.19003
17.97 2.19067
17.98 2.19131
17.99 2.19195
18 2.19259
18.01 2.19323
18.02 2.19387
18.03 2.19451
18.04 2.19515
18.05 2.19579
18.06 2.19643
18.07 2.19707
18.08 2.19771
18.09 2.19835
18.1 2.19899
18.11 2.19963
18.12 2.20027
18.13 2.20091
18.14 2.20155
18.15 2.20219
18.16 2.20283
18.17 2.20347
18.18 2.20411
18.19 2.20475
18.2 2.20539
18.21 2.20603
18.22 2.20667
18.23 2.20731
18.24 2.20795
18.25 2.20859
18.26 2.20923
18.27 2.20987
18.28 2.21051
18.29 2.21115
18.3 2.21179
18.31 2.21243
18.32 2.21307
18.33 2.21371
18.34 2.21435
18.35 2.21499
18.36 2.21563
18.37 2.21627
18.38 2.21691
18.39 2.21755
18.4 2.21819
18.41 2.21883
18.42 2.21947
18.43 2.22011
18.44 2.22075
18.45 2.22139
18.46 2.22203
18.47 2.22267
18.48 2.22331
18.49 2.22395
18.5 2.22459
18.51 2.22523
18.52 2.22587
18.53 2.22651
18.54 2.22715
18.55 2.22779
18.56 2.22843
18.57 2.22907
18.58 2.2297
18.59 2.23034
18.6 2.23098
18.61 2.23162
18.62 2.23226
18.63 2.2329
18.64 2.23354
18.65 2.23418
18.66 2.23482
18.67 2.23546
18.68 2.2361
18.69 2.23674
18.7 2.23738
18.71 2.23802
18.72 2.23866
18.73 2.2393
18.74 2.23993
18.75 2.24057
18.76 2.24121
18.77 2.24185
18.78 2.24249
18.79 2.24313
18.8 2.24377
18.81 2.24441
18.82 2.24505
18.83 2.24569
18.84 2.24633
18.85 2.24697
18.86 2.2476
18.87 2.24824
18.88 2.24888
18.89 2.24952
18.9 2.25016
18.91 2.2508
18.92 2.25144
18.93 2.25208
18.94 2.25272
18.95 2.25336
18.96 2.25399
18.97 2.25463
18.98 2.25527
18.99 2.25591
19 2.25655
19.01 2.25719
19.02 2.25783
19.03 2.25847
19.04 2.25911
19.05 2.25974
19.06 2.26038
19.07 2.26102
19.08 2.26166
19.09 2.2623
19.1 2.26294
19.11 2.26358
19.12 2.26422
19.13 2.26485
19.14 2.26549
19.15 2.26613
19.16 2.26677
19.17 2.26741
19.18 2.26805
19.19 2.26869
19.2 2.26932
19.21 2.26996
19.22 2.2706
19.23 2.27124
19.24 2.27188
19.25 2.27252
19.26 2.27316
19.27 2.27379
19.28 2.27443
19.29 2.27507
19.3 2.27571
19.31 2.27635
19.32 2.27699
19.33 2.27762
19.34 2.27826
19.35 2.2789
19.36 2.27954
19.37 2.28018
19.38 2.28082
19.39 2.28145
19.4 2.28209
19.41 2.28273
19.42 2.28337
19.43 2.28401
19.44 2.28465
19.45 2.28528
19.46 2.28592
19.47 2.28656
19.48 2.2872
19.49 2.28784
19.5 2.28848
19.51 2.28911
19.52 2.28975
19.53 2.29039
19.54 2.29103
19.55 2.29167
19.56 2.2923
19.57 2.29294
19.58 2.29358
19.59 2.29422
19.6 2.29486
19.61 2.29549
19.62 2.29613
19.63 2.29677
19.64 2.29741
19.65 2.29805
19.66 2.29868
19.67 2.29932
19.68 2.29996
19.69 2.3006
19.7 2.30124
19.71 2.30187
19.72 2.30251
19.73 2.30315
19.74 2.30379
19.75 2.30442
19.76 2.30506
19.77 2.3057
19.78 2.30634
19.79 2.30698
19.8 2.30761
19.81 2.30825
19.82 2.30889
19.83 2.30953
19.84 2.31016
19.85 2.3108
19.86 2.31144
19.87 2.31208
19.88 2.31272
19.89 2.31335
19.9 2.31399
19.91 2.31463
19.92 2.31527
19.93 2.3159
19.94 2.31654
19.95 2.31718
19.96 2.31782
19.97 2.31845
19.98 2.31909
19.99 2.31973
20 2.32037
20.01 2.321
20.02 2.32164
20.03 2.32228
20.04 2.32292
20.05 2.32355
20.06 2.32419
20.07 2.32483
20.08 2.32547
20.09 2.3261
20.1 2.32674
20.11 2.32738
20.12 2.32801
20.13 2.32865
20.14 2.32929
20.15 2.32993
20.16 2.33056
20.17 2.3312
20.18 2.33184
20.19 2.33248
20.2 2.33311
20.21 2.33375
20.22 2.33439
20.23 2.33502
20.24 2.33566
20.25 2.3363
20.26 2.33694
20.27 2.33757
20.28 2.33821
20.29 2.33885
20.3 2.33948
20.31 2.34012
20.32 2.34076
20.33 2.34139
20.34 2.34203
20.35 2.34267
20.36 2.34331
20.37 2.34394
20.38 2.34458
20.39 2.34522
20.4 2.34585
20.41 2.34649
20.42 2.34713
20.43 2.34776
20.44 2.3484
20.45 2.34904
20.46 2.34967
20.47 2.35031
20.48 2.35095
20.49 2.35159
20.5 2.35222
20.51 2.35286
20.52 2.3535
20.53 2.35413
20.54 2.35477
20.55 2.35541
20.56 2.35604
20.57 2.35668
20.58 2.35732
20.59 2.35795
20.6 2.35859
20.61 2.35923
20.62 2.35986
20.63 2.3605
20.64 2.36114
20.65 2.36177
20.66 2.36241
20.67 2.36305
20.68 2.36368
20.69 2.36432
20.7 2.36496
20.71 2.36559
20.72 2.36623
20.73 2.36686
20.74 2.3675
20.75 2.36814
20.76 2.36877
20.77 2.36941
20.78 2.37005
20.79 2.37068
20.8 2.37132
20.81 2.37196
20.82 2.37259
20.83 2.37323
20.84 2.37387
20.85 2.3745
20.86 2.37514
20.87 2.37577
20.88 2.37641
20.89 2.37705
20.9 2.37768
20.91 2.37832
20.92 2.37896
20.93 2.37959
20.94 2.38023
20.95 2.38086
20.96 2.3815
20.97 2.38214
20.98 2.38277
20.99 2.38341
21 2.38405
21.01 2.38468
21.02 2.38532
21.03 2.38595
21.04 2.38659
21.05 2.38723
21.06 2.38786
21.07 2.3885
21.08 2.38913
21.09 2.38977
21.1 2.39041
21.11 2.39104
21.12 2.39168
21.13 2.39231
21.14 2.39295
21.15 2.39359
21.16 2.39422
21.17 2.39486
21.18 2.39549
21.19 2.39613
21.2 2.39677
21.21 2.3974
21.22 2.39804
21.23 2.39867
21.24 2.39931
21.25 2.39994
21.26 2.40058
21.27 2.40122
21.28 2.40185
21.29 2.40249
21.3 2.40312
21.31 2.40376
21.32 2.40439
21.33 2.40503
21.34 2.40567
21.35 2.4063
21.36 2.40694
21.37 2.40757
21.38 2.40821
21.39 2.40884
21.4 2.40948
21.41 2.41012
21.42 2.41075
21.43 2.41139
21.44 2.41202
21.45 2.41266
21.46 2.41329
21.47 2.41393
21.48 2.41456
21.49 2.4152
21.5 2.41584
21.51 2.41647
21.52 2.41711
21.53 2.41774
21.54 2.41838
21.55 2.41901
21.56 2.41965
21.57 2.42028
21.58 2.42092
21.59 2.42155
21.6 2.42219
21.61 2.42283
21.62 2.42346
21.63 2.4241
21.64 2.42473
21.65 2.42537
21.66 2.426
21.67 2.42664
21.68 2.42727
21.69 2.42791
21.7 2.42854
21.71 2.42918
21.72 2.42981
21.73 2.43045
21.74 2.43108
21.75 2.43172
21.76 2.43235
21.77 2.43299
21.78 2.43362
21.79 2.43426
21.8 2.4349
21.81 2.43553
21.82 2.43617
21.83 2.4368
21.84 2.43744
21.85 2.43807
21.86 2.43871
21.87 2.43934
21.88 2.43998
21.89 2.44061
21.9 2.44125
21.91 2.44188
21.92 2.44252
21.93 2.44315
21.94 2.44379
21.95 2.44442
21.96 2.44506
21.97 2.44569
21.98 2.44633
21.99 2.44696
22 2.4476
22.01 2.44823
22.02 2.44886
22.03 2.4495
22.04 2.45013
22.05 2.45077
22.06 2.4514
22.07 2.45204
22.08 2.45267
22.09 2.45331
22.1 2.45394
22.11 2.45458
22.12 2.45521
22.13 2.45585
22.14 2.45648
22.15 2.45712
22.16 2.45775
22.17 2.45839
22.18 2.45902
22.19 2.45966
22.2 2.46029
22.21 2.46092
22.22 2.46156
22.23 2.46219
22.24 2.46283
22.25 2.46346
22.26 2.4641
22.27 2.46473
22.28 2.46537
22.29 2.466
22.3 2.46664
22.31 2.46727
22.32 2.4679
22.33 2.46854
22.34 2.46917
22.35 2.46981
22.36 2.47044
22.37 2.47108
22.38 2.47171
22.39 2.47235
22.4 2.47298
22.41 2.47361
22.42 2.47425
22.43 2.47488
22.44 2.47552
22.45 2.47615
22.46 2.47679
22.47 2.47742
22.48 2.47806
22.49 2.47869
22.5 2.47932
22.51 2.47996
22.52 2.48059
22.53 2.48123
22.54 2.48186
22.55 2.48249
22.56 2.48313
22.57 2.48376
22.58 2.4844
22.59 2.48503
22.6 2.48567
22.61 2.4863
22.62 2.48693
22.63 2.48757
22.64 2.4882
22.65 2.48884
22.66 2.48947
22.67 2.4901
22.68 2.49074
22.69 2.49137
22.7 2.49201
22.71 2.49264
22.72 2.49327
22.73 2.49391
22.74 2.49454
22.75 2.49518
22.76 2.49581
22.77 2.49644
22.78 2.49708
22.79 2.49771
22.8 2.49835
22.81 2.49898
22.82 2.49961
22.83 2.50025
22.84 2.50088
22.85 2.50152
22.86 2.50215
22.87 2.50278
22.88 2.50342
22.89 2.50405
22.9 2.50469
22.91 2.50532
22.92 2.50595
22.93 2.50659
22.94 2.50722
22.95 2.50785
22.96 2.50849
22.97 2.50912
22.98 2.50976
22.99 2.51039
23 2.51102
23.01 2.51166
23.02 2.51229
23.03 2.51292
23.04 2.51356
23.05 2.51419
23.06 2.51482
23.07 2.51546
23.08 2.51609
23.09 2.51673
23.1 2.51736
23.11 2.51799
23.12 2.51863
23.13 2.51926
23.14 2.51989
23.15 2.52053
23.16 2.52116
23.17 2.52179
23.18 2.52243
23.19 2.52306
23.2 2.52369
23.21 2.52433
23.22 2.52496
23.23 2.52559
23.24 2.52623
23.25 2.52686
23.26 2.52749
23.27 2.52813
23.28 2.52876
23.29 2.52939
23.3 2.53003
23.31 2.53066
23.32 2.53129
23.33 2.53193
23.34 2.53256
23.35 2.53319
23.36 2.53383
23.37 2.53446
23.38 2.53509
23.39 2.53573
23.4 2.53636
23.41 2.53699
23.42 2.53763
23.43 2.53826
23.44 2.53889
23.45 2.53953
23.46 2.54016
23.47 2.54079
23.48 2.54143
23.49 2.54206
23.5 2.54269
23.51 2.54332
23.52 2.54396
23.53 2.54459
23.54 2.54522
23.55 2.54586
23.56 2.54649
23.57 2.54712
23.58 2.54776
23.59 2.54839
23.6 2.54902
23.61 2.54966
23.62 2.55029
23.63 2.55092
23.64 2.55155
23.65 2.55219
23.66 2.55282
23.67 2.55345
23.68 2.55409
23.69 2.55472
23.7 2.55535
23.71 2.55598
23.72 2.55662
23.73 2.55725
23.74 2.55788
23.75 2.55852
23.76 2.55915
23.77 2.55978
23.78 2.56041
23.79 2.56105
23.8 2.56168
23.81 2.56231
23.82 2.56295
23.83 2.56358
23.84 2.56421
23.85 2.56484
23.86 2.56548
23.87 2.56611
23.88 2.56674
23.89 2.56737
23.9 2.56801
23.91 2.56864
23.92 2.56927
23.93 2.5699
23.94 2.57054
23.95 2.57117
23.96 2.5718
23.97 2.57244
23.98 2.57307
23.99 2.5737
24 2.57433
24.01 2.57497
24.02 2.5756
24.03 2.57623
24.04 2.57686
24.05 2.5775
24.06 2.57813
24.07 2.57876
24.08 2.57939
24.09 2.58003
24.1 2.58066
24.11 2.58129
24.12 2.58192
24.13 2.58256
24.14 2.58319
24.15 2.58382
24.16 2.58445
24.17 2.58508
24.18 2.58572
24.19 2.58635
24.2 2.58698
24.21 2.58761
24.22 2.58825
24.23 2.58888
24.24 2.58951
24.25 2.59014
24.26 2.59078
24.27 2.59141
24.28 2.59204
24.29 2.59267
24.3 2.5933
24.31 2.59394
24.32 2.59457
24.33 2.5952
24.34 2.59583
24.35 2.59647
24.36 2.5971
24.37 2.59773
24.38 2.59836
24.39 2.59899
24.4 2.59963
24.41 2.60026
24.42 2.60089
24.43 2.60152
24.44 2.60215
24.45 2.60279
24.46 2.60342
24.47 2.60405
24.48 2.60468
24.49 2.60531
24.5 2.60595
24.51 2.60658
24.52 2.60721
24.53 2.60784
24.54 2.60847
24.55 2.60911
24.56 2.60974
24.57 2.61037
24.58 2.611
24.59 2.61163
24.6 2.61227
24.61 2.6129
24.62 2.61353
24.63 2.61416
24.64 2.61479
24.65 2.61543
24.66 2.61606
24.67 2.61669
24.68 2.61732
24.69 2.61795
24.7 2.61858
24.71 2.61922
24.72 2.61985
24.73 2.62048
24.74 2.62111
24.75 2.62174
24.76 2.62237
24.77 2.62301
24.78 2.62364
24.79 2.62427
24.8 2.6249
24.81 2.62553
24.82 2.62616
24.83 2.6268
24.84 2.62743
24.85 2.62806
24.86 2.62869
24.87 2.62932
24.88 2.62995
24.89 2.63059
24.9 2.63122
24.91 2.63185
24.92 2.63248
24.93 2.63311
24.94 2.63374
24.95 2.63438
24.96 2.63501
24.97 2.63564
24.98 2.63627
24.99 2.6369
25 2.63753
25.01 2.63816
25.02 2.6388
25.03 2.63943
25.04 2.64006
25.05 2.64069
25.06 2.64132
25.07 2.64195
25.08 2.64258
25.09 2.64322
25.1 2.64385
25.11 2.64448
25.12 2.64511
25.13 2.64574
25.14 2.64637
25.15 2.647
25.16 2.64763
25.17 2.64827
25.18 2.6489
25.19 2.64953
25.2 2.65016
25.21 2.65079
25.22 2.65142
25.23 2.65205
25.24 2.65268
25.25 2.65332
25.26 2.65395
25.27 2.65458
25.28 2.65521
25.29 2.65584
25.3 2.65647
25.31 2.6571
25.32 2.65773
25.33 2.65837
25.34 2.659
25.35 2.65963
25.36 2.66026
25.37 2.66089
25.38 2.66152
25.39 2.66215
25.4 2.66278
25.41 2.66341
25.42 2.66404
25.43 2.66468
25.44 2.66531
25.45 2.66594
25.46 2.66657
25.47 2.6672
25.48 2.66783
25.49 2.66846
25.5 2.66909
25.51 2.66972
25.52 2.67035
25.53 2.67099
25.54 2.67162
25.55 2.67225
25.56 2.67288
25.57 2.67351
25.58 2.67414
25.59 2.67477
25.6 2.6754
25.61 2.67603
25.62 2.67666
25.63 2.67729
25.64 2.67792
25.65 2.67856
25.66 2.67919
25.67 2.67982
25.68 2.68045
25.69 2.68108
25.7 2.68171
25.71 2.68234
25.72 2.68297
25.73 2.6836
25.74 2.68423
25.75 2.68486
25.76 2.68549
25.77 2.68612
25.78 2.68675
25.79 2.68739
25.8 2.68802
25.81 2.68865
25.82 2.68928
25.83 2.68991
25.84 2.69054
25.85 2.69117
25.86 2.6918
25.87 2.69243
25.88 2.69306
25.89 2.69369
25.9 2.69432
25.91 2.69495
25.92 2.69558
25.93 2.69621
25.94 2.69684
25.95 2.69747
25.96 2.6981
25.97 2.69874
25.98 2.69937
25.99 2.7
26 2.70063
26.01 2.70126
26.02 2.70189
26.03 2.70252
26.04 2.70315
26.05 2.70378
26.06 2.70441
26.07 2.70504
26.08 2.70567
26.09 2.7063
26.1 2.70693
26.11 2.70756
26.12 2.70819
26.13 2.70882
26.14 2.70945
26.15 2.71008
26.16 2.71071
26.17 2.71134
26.18 2.71197
26.19 2.7126
26.2 2.71323
26.21 2.71386
26.22 2.71449
26.23 2.71512
26.24 2.71575
26.25 2.71638
26.26 2.71701
26.27 2.71764
26.28 2.71827
26.29 2.7189
26.3 2.71953
26.31 2.72016
26.32 2.7208
26.33 2.72143
26.34 2.72206
26.35 2.72269
26.36 2.72332
26.37 2.72395
26.38 2.72458
26.39 2.72521
26.4 2.72584
26.41 2.72647
26.42 2.7271
26.43 2.72773
26.44 2.72836
26.45 2.72899
26.46 2.72962
26.47 2.73025
26.48 2.73088
26.49 2.73151
26.5 2.73214
26.51 2.73277
26.52 2.7334
26.53 2.73403
26.54 2.73465
26.55 2.73528
26.56 2.73591
26.57 2.73654
26.58 2.73717
26.59 2.7378
26.6 2.73843
26.61 2.73906
26.62 2.73969
26.63 2.74032
26.64 2.74095
26.65 2.74158
26.66 2.74221
26.67 2.74284
26.68 2.74347
26.69 2.7441
26.7 2.74473
26.71 2.74536
26.72 2.74599
26.73 2.74662
26.74 2.74725
26.75 2.74788
26.76 2.74851
26.77 2.74914
26.78 2.74977
26.79 2.7504
26.8 2.75103
26.81 2.75166
26.82 2.75229
26.83 2.75292
26.84 2.75355
26.85 2.75418
26.86 2.75481
26.87 2.75544
26.88 2.75607
26.89 2.7567
26.9 2.75732
26.91 2.75795
26.92 2.75858
26.93 2.75921
26.94 2.75984
26.95 2.76047
26.96 2.7611
26.97 2.76173
26.98 2.76236
26.99 2.76299
27 2.76362
27.01 2.76425
27.02 2.76488
27.03 2.76551
27.04 2.76614
27.05 2.76677
27.06 2.7674
27.07 2.76803
27.08 2.76865
27.09 2.76928
27.1 2.76991
27.11 2.77054
27.12 2.77117
27.13 2.7718
27.14 2.77243
27.15 2.77306
27.16 2.77369
27.17 2.77432
27.18 2.77495
27.19 2.77558
27.2 2.77621
27.21 2.77684
27.22 2.77746
27.23 2.77809
27.24 2.77872
27.25 2.77935
27.26 2.77998
27.27 2.78061
27.28 2.78124
27.29 2.78187
27.3 2.7825
27.31 2.78313
27.32 2.78376
27.33 2.78439
27.34 2.78502
27.35 2.78564
27.36 2.78627
27.37 2.7869
27.38 2.78753
27.39 2.78816
27.4 2.78879
27.41 2.78942
27.42 2.79005
27.43 2.79068
27.44 2.79131
27.45 2.79193
27.46 2.79256
27.47 2.79319
27.48 2.79382
27.49 2.79445
27.5 2.79508
27.51 2.79571
27.52 2.79634
27.53 2.79697
27.54 2.7976
27.55 2.79822
27.56 2.79885
27.57 2.79948
27.58 2.80011
27.59 2.80074
27.6 2.80137
27.61 2.802
27.62 2.80263
27.63 2.80326
27.64 2.80388
27.65 2.80451
27.66 2.80514
27.67 2.80577
27.68 2.8064
27.69 2.80703
27.7 2.80766
27.71 2.80829
27.72 2.80891
27.73 2.80954
27.74 2.81017
27.75 2.8108
27.76 2.81143
27.77 2.81206
27.78 2.81269
27.79 2.81332
27.8 2.81394
27.81 2.81457
27.82 2.8152
27.83 2.81583
27.84 2.81646
27.85 2.81709
27.86 2.81772
27.87 2.81835
27.88 2.81897
27.89 2.8196
27.9 2.82023
27.91 2.82086
27.92 2.82149
27.93 2.82212
27.94 2.82275
27.95 2.82337
27.96 2.824
27.97 2.82463
27.98 2.82526
27.99 2.82589
28 2.82652
28.01 2.82714
28.02 2.82777
28.03 2.8284
28.04 2.82903
28.05 2.82966
28.06 2.83029
28.07 2.83092
28.08 2.83154
28.09 2.83217
28.1 2.8328
28.11 2.83343
28.12 2.83406
28.13 2.83469
28.14 2.83531
28.15 2.83594
28.16 2.83657
28.17 2.8372
28.18 2.83783
28.19 2.83846
28.2 2.83908
28.21 2.83971
28.22 2.84034
28.23 2.84097
28.24 2.8416
28.25 2.84223
28.26 2.84285
28.27 2.84348
28.28 2.84411
28.29 2.84474
28.3 2.84537
28.31 2.846
28.32 2.84662
28.33 2.84725
28.34 2.84788
28.35 2.84851
28.36 2.84914
28.37 2.84976
28.38 2.85039
28.39 2.85102
28.4 2.85165
28.41 2.85228
28.42 2.85291
28.43 2.85353
28.44 2.85416
28.45 2.85479
28.46 2.85542
28.47 2.85605
28.48 2.85667
28.49 2.8573
28.5 2.85793
28.51 2.85856
28.52 2.85919
28.53 2.85981
28.54 2.86044
28.55 2.86107
28.56 2.8617
28.57 2.86233
28.58 2.86295
28.59 2.86358
28.6 2.86421
28.61 2.86484
28.62 2.86547
28.63 2.86609
28.64 2.86672
28.65 2.86735
28.66 2.86798
28.67 2.86861
28.68 2.86923
28.69 2.86986
28.7 2.87049
28.71 2.87112
28.72 2.87174
28.73 2.87237
28.74 2.873
28.75 2.87363
28.76 2.87426
28.77 2.87488
28.78 2.87551
28.79 2.87614
28.8 2.87677
28.81 2.8774
28.82 2.87802
28.83 2.87865
28.84 2.87928
28.85 2.87991
28.86 2.88053
28.87 2.88116
28.88 2.88179
28.89 2.88242
28.9 2.88304
28.91 2.88367
28.92 2.8843
28.93 2.88493
28.94 2.88556
28.95 2.88618
28.96 2.88681
28.97 2.88744
28.98 2.88807
28.99 2.88869
29 2.88932
29.01 2.88995
29.02 2.89058
29.03 2.8912
29.04 2.89183
29.05 2.89246
29.06 2.89309
29.07 2.89371
29.08 2.89434
29.09 2.89497
29.1 2.8956
29.11 2.89622
29.12 2.89685
29.13 2.89748
29.14 2.89811
29.15 2.89873
29.16 2.89936
29.17 2.89999
29.18 2.90062
29.19 2.90124
29.2 2.90187
29.21 2.9025
29.22 2.90313
29.23 2.90375
29.24 2.90438
29.25 2.90501
29.26 2.90564
29.27 2.90626
29.28 2.90689
29.29 2.90752
29.3 2.90815
29.31 2.90877
29.32 2.9094
29.33 2.91003
29.34 2.91065
29.35 2.91128
29.36 2.91191
29.37 2.91254
29.38 2.91316
29.39 2.91379
29.4 2.91442
29.41 2.91505
29.42 2.91567
29.43 2.9163
29.44 2.91693
29.45 2.91755
29.46 2.91818
29.47 2.91881
29.48 2.91944
29.49 2.92006
29.5 2.92069
29.51 2.92132
29.52 2.92194
29.53 2.92257
29.54 2.9232
29.55 2.92383
29.56 2.92445
29.57 2.92508
29.58 2.92571
29.59 2.92633
29.6 2.92696
29.61 2.92759
29.62 2.92822
29.63 2.92884
29.64 2.92947
29.65 2.9301
29.66 2.93072
29.67 2.93135
29.68 2.93198
29.69 2.9326
29.7 2.93323
29.71 2.93386
29.72 2.93449
29.73 2.93511
29.74 2.93574
29.75 2.93637
29.76 2.93699
29.77 2.93762
29.78 2.93825
29.79 2.93887
29.8 2.9395
29.81 2.94013
29.82 2.94076
29.83 2.94138
29.84 2.94201
29.85 2.94264
29.86 2.94326
29.87 2.94389
29.88 2.94452
29.89 2.94514
29.9 2.94577
29.91 2.9464
29.92 2.94702
29.93 2.94765
29.94 2.94828
29.95 2.9489
29.96 2.94953
29.97 2.95016
29.98 2.95078
29.99 2.95141
30 2.95204
30.01 2.95266
30.02 2.95329
30.03 2.95392
30.04 2.95454
30.05 2.95517
30.06 2.9558
30.07 2.95642
30.08 2.95705
30.09 2.95768
30.1 2.9583
30.11 2.95893
30.12 2.95956
30.13 2.96018
30.14 2.96081
30.15 2.96144
30.16 2.96206
30.17 2.96269
30.18 2.96332
30.19 2.96394
30.2 2.96457
30.21 2.9652
30.22 2.96582
30.23 2.96645
30.24 2.96708
30.25 2.9677
30.26 2.96833
30.27 2.96896
30.28 2.96958
30.29 2.97021
30.3 2.97084
30.31 2.97146
30.32 2.97209
30.33 2.97272
30.34 2.97334
30.35 2.97397
30.36 2.97459
30.37 2.97522
30.38 2.97585
30.39 2.97647
30.4 2.9771
30.41 2.97773
30.42 2.97835
30.43 2.97898
30.44 2.97961
30.45 2.98023
30.46 2.98086
30.47 2.98149
30.48 2.98211
30.49 2.98274
30.5 2.98336
30.51 2.98399
30.52 2.98462
30.53 2.98524
30.54 2.98587
30.55 2.9865
30.56 2.98712
30.57 2.98775
30.58 2.98837
30.59 2.989
30.6 2.98963
30.61 2.99025
30.62 2.99088
30.63 2.99151
30.64 2.99213
30.65 2.99276
30.66 2.99338
30.67 2.99401
30.68 2.99464
30.69 2.99526
30.7 2.99589
30.71 2.99652
30.72 2.99714
30.73 2.99777
30.74 2.99839
30.75 2.99902
30.76 2.99965
30.77 3.00027
30.78 3.0009
30.79 3.00152
30.8 3.00215
30.81 3.00278
30.82 3.0034
30.83 3.00403
30.84 3.00465
30.85 3.00528
30.86 3.00591
30.87 3.00653
30.88 3.00716
30.89 3.00778
30.9 3.00841
30.91 3.00904
30.92 3.00966
30.93 3.01029
30.94 3.01091
30.95 3.01154
30.96 3.01217
30.97 3.01279
30.98 3.01342
30.99 3.01404
31 3.01467
31.01 3.0153
31.02 3.01592
31.03 3.01655
31.04 3.01717
31.05 3.0178
31.06 3.01843
31.07 3.01905
31.08 3.01968
31.09 3.0203
31.1 3.02093
31.11 3.02155
31.12 3.02218
31.13 3.02281
31.14 3.02343
31.15 3.02406
31.16 3.02468
31.17 3.02531
31.18 3.02594
31.19 3.02656
31.2 3.02719
31.21 3.02781
31.22 3.02844
31.23 3.02906
31.24 3.02969
31.25 3.03032
31.26 3.03094
31.27 3.03157
31.28 3.03219
31.29 3.03282
31.3 3.03344
31.31 3.03407
31.32 3.0347
31.33 3.03532
31.34 3.03595
31.35 3.03657
31.36 3.0372
31.37 3.03782
31.38 3.03845
31.39 3.03907
31.4 3.0397
31.41 3.04033
31.42 3.04095
31.43 3.04158
31.44 3.0422
31.45 3.04283
31.46 3.04345
31.47 3.04408
31.48 3.0447
31.49 3.04533
31.5 3.04596
31.51 3.04658
31.52 3.04721
31.53 3.04783
31.54 3.04846
31.55 3.04908
31.56 3.04971
31.57 3.05033
31.58 3.05096
31.59 3.05158
31.6 3.05221
31.61 3.05284
31.62 3.05346
31.63 3.05409
31.64 3.05471
31.65 3.05534
31.66 3.05596
31.67 3.05659
31.68 3.05721
31.69 3.05784
31.7 3.05846
31.71 3.05909
31.72 3.05971
31.73 3.06034
31.74 3.06097
31.75 3.06159
31.76 3.06222
31.77 3.06284
31.78 3.06347
31.79 3.06409
31.8 3.06472
31.81 3.06534
31.82 3.06597
31.83 3.06659
31.84 3.06722
31.85 3.06784
31.86 3.06847
31.87 3.06909
31.88 3.06972
31.89 3.07034
31.9 3.07097
31.91 3.07159
31.92 3.07222
31.93 3.07285
31.94 3.07347
31.95 3.0741
31.96 3.07472
31.97 3.07535
31.98 3.07597
31.99 3.0766
32 3.07722
32.01 3.07785
32.02 3.07847
32.03 3.0791
32.04 3.07972
32.05 3.08035
32.06 3.08097
32.07 3.0816
32.08 3.08222
32.09 3.08285
32.1 3.08347
32.11 3.0841
32.12 3.08472
32.13 3.08535
32.14 3.08597
32.15 3.0866
32.16 3.08722
32.17 3.08785
32.18 3.08847
32.19 3.0891
32.2 3.08972
32.21 3.09035
32.22 3.09097
32.23 3.0916
32.24 3.09222
32.25 3.09285
32.26 3.09347
32.27 3.0941
32.28 3.09472
32.29 3.09535
32.3 3.09597
32.31 3.0966
32.32 3.09722
32.33 3.09785
32.34 3.09847
32.35 3.0991
32.36 3.09972
32.37 3.10035
32.38 3.10097
32.39 3.1016
32.4 3.10222
32.41 3.10284
32.42 3.10347
32.43 3.10409
32.44 3.10472
32.45 3.10534
32.46 3.10597
32.47 3.10659
32.48 3.10722
32.49 3.10784
32.5 3.10847
32.51 3.10909
32.52 3.10972
32.53 3.11034
32.54 3.11097
32.55 3.11159
32.56 3.11222
32.57 3.11284
32.58 3.11347
32.59 3.11409
32.6 3.11471
32.61 3.11534
32.62 3.11596
32.63 3.11659
32.64 3.11721
32.65 3.11784
32.66 3.11846
32.67 3.11909
32.68 3.11971
32.69 3.12034
32.7 3.12096
32.71 3.12159
32.72 3.12221
32.73 3.12283
32.74 3.12346
32.75 3.12408
32.76 3.12471
32.77 3.12533
32.78 3.12596
32.79 3.12658
32.8 3.12721
32.81 3.12783
32.82 3.12846
32.83 3.12908
32.84 3.1297
32.85 3.13033
32.86 3.13095
32.87 3.13158
32.88 3.1322
32.89 3.13283
32.9 3.13345
32.91 3.13408
32.92 3.1347
32.93 3.13532
32.94 3.13595
32.95 3.13657
32.96 3.1372
32.97 3.13782
32.98 3.13845
32.99 3.13907
33 3.1397
33.01 3.14032
33.02 3.14094
33.03 3.14157
33.04 3.14219
33.05 3.14282
33.06 3.14344
33.07 3.14407
33.08 3.14469
33.09 3.14531
33.1 3.14594
33.11 3.14656
33.12 3.14719
33.13 3.14781
33.14 3.14844
33.15 3.14906
33.16 3.14968
33.17 3.15031
33.18 3.15093
33.19 3.15156
33.2 3.15218
33.21 3.1528
33.22 3.15343
33.23 3.15405
33.24 3.15468
33.25 3.1553
33.26 3.15593
33.27 3.15655
33.28 3.15717
33.29 3.1578
33.3 3.15842
33.31 3.15905
33.32 3.15967
33.33 3.16029
33.34 3.16092
33.35 3.16154
33.36 3.16217
33.37 3.16279
33.38 3.16342
33.39 3.16404
33.4 3.16466
33.41 3.16529
33.42 3.16591
33.43 3.16654
33.44 3.16716
33.45 3.16778
33.46 3.16841
33.47 3.16903
33.48 3.16966
33.49 3.17028
33.5 3.1709
33.51 3.17153
33.52 3.17215
33.53 3.17278
33.54 3.1734
33.55 3.17402
33.56 3.17465
33.57 3.17527
33.58 3.1759
33.59 3.17652
33.6 3.17714
33.61 3.17777
33.62 3.17839
33.63 3.17902
33.64 3.17964
33.65 3.18026
33.66 3.18089
33.67 3.18151
33.68 3.18213
33.69 3.18276
33.7 3.18338
33.71 3.18401
33.72 3.18463
33.73 3.18525
33.74 3.18588
33.75 3.1865
33.76 3.18713
33.77 3.18775
33.78 3.18837
33.79 3.189
33.8 3.18962
33.81 3.19024
33.82 3.19087
33.83 3.19149
33.84 3.19212
33.85 3.19274
33.86 3.19336
33.87 3.19399
33.88 3.19461
33.89 3.19523
33.9 3.19586
33.91 3.19648
33.92 3.1971
33.93 3.19773
33.94 3.19835
33.95 3.19898
33.96 3.1996
33.97 3.20022
33.98 3.20085
33.99 3.20147
34 3.20209
34.01 3.20272
34.02 3.20334
34.03 3.20397
34.04 3.20459
34.05 3.20521
34.06 3.20584
34.07 3.20646
34.08 3.20708
34.09 3.20771
34.1 3.20833
34.11 3.20895
34.12 3.20958
34.13 3.2102
34.14 3.21082
34.15 3.21145
34.16 3.21207
34.17 3.21269
34.18 3.21332
34.19 3.21394
34.2 3.21457
34.21 3.21519
34.22 3.21581
34.23 3.21644
34.24 3.21706
34.25 3.21768
34.26 3.21831
34.27 3.21893
34.28 3.21955
34.29 3.22018
34.3 3.2208
34.31 3.22142
34.32 3.22205
34.33 3.22267
34.34 3.22329
34.35 3.22392
34.36 3.22454
34.37 3.22516
34.38 3.22579
34.39 3.22641
34.4 3.22703
34.41 3.22766
34.42 3.22828
34.43 3.2289
34.44 3.22953
34.45 3.23015
34.46 3.23077
34.47 3.2314
34.48 3.23202
34.49 3.23264
34.5 3.23327
34.51 3.23389
34.52 3.23451
34.53 3.23514
34.54 3.23576
34.55 3.23638
34.56 3.23701
34.57 3.23763
34.58 3.23825
34.59 3.23888
34.6 3.2395
34.61 3.24012
34.62 3.24075
34.63 3.24137
34.64 3.24199
34.65 3.24262
34.66 3.24324
34.67 3.24386
34.68 3.24448
34.69 3.24511
34.7 3.24573
34.71 3.24635
34.72 3.24698
34.73 3.2476
34.74 3.24822
34.75 3.24885
34.76 3.24947
34.77 3.25009
34.78 3.25072
34.79 3.25134
34.8 3.25196
34.81 3.25258
34.82 3.25321
34.83 3.25383
34.84 3.25445
34.85 3.25508
34.86 3.2557
34.87 3.25632
34.88 3.25695
34.89 3.25757
34.9 3.25819
34.91 3.25882
34.92 3.25944
34.93 3.26006
34.94 3.26068
34.95 3.26131
34.96 3.26193
34.97 3.26255
34.98 3.26318
34.99 3.2638
35 3.26442
35.01 3.26504
35.02 3.26567
35.03 3.26629
35.04 3.26691
35.05 3.26754
35.06 3.26816
35.07 3.26878
35.08 3.2694
35.09 3.27003
35.1 3.27065
35.11 3.27127
35.12 3.2719
35.13 3.27252
35.14 3.27314
35.15 3.27376
35.16 3.27439
35.17 3.27501
35.18 3.27563
35.19 3.27626
35.2 3.27688
35.21 3.2775
35.22 3.27812
35.23 3.27875
35.24 3.27937
35.25 3.27999
35.26 3.28062
35.27 3.28124
35.28 3.28186
35.29 3.28248
35.3 3.28311
35.31 3.28373
35.32 3.28435
35.33 3.28497
35.34 3.2856
35.35 3.28622
35.36 3.28684
35.37 3.28747
35.38 3.28809
35.39 3.28871
35.4 3.28933
35.41 3.28996
35.42 3.29058
35.43 3.2912
35.44 3.29182
35.45 3.29245
35.46 3.29307
35.47 3.29369
35.48 3.29431
35.49 3.29494
35.5 3.29556
35.51 3.29618
35.52 3.2968
35.53 3.29743
35.54 3.29805
35.55 3.29867
35.56 3.29929
35.57 3.29992
35.58 3.30054
35.59 3.30116
35.6 3.30178
35.61 3.30241
35.62 3.30303
35.63 3.30365
35.64 3.30427
35.65 3.3049
35.66 3.30552
35.67 3.30614
35.68 3.30676
35.69 3.30739
35.7 3.30801
35.71 3.30863
35.72 3.30925
35.73 3.30988
35.74 3.3105
35.75 3.31112
35.76 3.31174
35.77 3.31237
35.78 3.31299
35.79 3.31361
35.8 3.31423
35.81 3.31486
35.82 3.31548
35.83 3.3161
35.84 3.31672
35.85 3.31735
35.86 3.31797
35.87 3.31859
35.88 3.31921
35.89 3.31983
35.9 3.32046
35.91 3.32108
35.92 3.3217
35.93 3.32232
35.94 3.32295
35.95 3.32357
35.96 3.32419
35.97 3.32481
35.98 3.32544
35.99 3.32606
36 3.32668
36.01 3.3273
36.02 3.32792
36.03 3.32855
36.04 3.32917
36.05 3.32979
36.06 3.33041
36.07 3.33104
36.08 3.33166
36.09 3.33228
36.1 3.3329
36.11 3.33352
36.12 3.33415
36.13 3.33477
36.14 3.33539
36.15 3.33601
36.16 3.33664
36.17 3.33726
36.18 3.33788
36.19 3.3385
36.2 3.33912
36.21 3.33975
36.22 3.34037
36.23 3.34099
36.24 3.34161
36.25 3.34223
36.26 3.34286
36.27 3.34348
36.28 3.3441
36.29 3.34472
36.3 3.34534
36.31 3.34597
36.32 3.34659
36.33 3.34721
36.34 3.34783
36.35 3.34845
36.36 3.34908
36.37 3.3497
36.38 3.35032
36.39 3.35094
36.4 3.35156
36.41 3.35219
36.42 3.35281
36.43 3.35343
36.44 3.35405
36.45 3.35467
36.46 3.3553
36.47 3.35592
36.48 3.35654
36.49 3.35716
36.5 3.35778
36.51 3.35841
36.52 3.35903
36.53 3.35965
36.54 3.36027
36.55 3.36089
36.56 3.36152
36.57 3.36214
36.58 3.36276
36.59 3.36338
36.6 3.364
36.61 3.36462
36.62 3.36525
36.63 3.36587
36.64 3.36649
36.65 3.36711
36.66 3.36773
36.67 3.36836
36.68 3.36898
36.69 3.3696
36.7 3.37022
36.71 3.37084
36.72 3.37146
36.73 3.37209
36.74 3.37271
36.75 3.37333
36.76 3.37395
36.77 3.37457
36.78 3.3752
36.79 3.37582
36.8 3.37644
36.81 3.37706
36.82 3.37768
36.83 3.3783
36.84 3.37893
36.85 3.37955
36.86 3.38017
36.87 3.38079
36.88 3.38141
36.89 3.38203
36.9 3.38266
36.91 3.38328
36.92 3.3839
36.93 3.38452
36.94 3.38514
36.95 3.38576
36.96 3.38639
36.97 3.38701
36.98 3.38763
36.99 3.38825
37 3.38887
37.01 3.38949
37.02 3.39012
37.03 3.39074
37.04 3.39136
37.05 3.39198
37.06 3.3926
37.07 3.39322
37.08 3.39384
37.09 3.39447
37.1 3.39509
37.11 3.39571
37.12 3.39633
37.13 3.39695
37.14 3.39757
37.15 3.3982
37.16 3.39882
37.17 3.39944
37.18 3.40006
37.19 3.40068
37.2 3.4013
37.21 3.40192
37.22 3.40255
37.23 3.40317
37.24 3.40379
37.25 3.40441
37.26 3.40503
37.27 3.40565
37.28 3.40627
37.29 3.4069
37.3 3.40752
37.31 3.40814
37.32 3.40876
37.33 3.40938
37.34 3.41
37.35 3.41062
37.36 3.41125
37.37 3.41187
37.38 3.41249
37.39 3.41311
37.4 3.41373
37.41 3.41435
37.42 3.41497
37.43 3.41559
37.44 3.41622
37.45 3.41684
37.46 3.41746
37.47 3.41808
37.48 3.4187
37.49 3.41932
37.5 3.41994
37.51 3.42057
37.52 3.42119
37.53 3.42181
37.54 3.42243
37.55 3.42305
37.56 3.42367
37.57 3.42429
37.58 3.42491
37.59 3.42554
37.6 3.42616
37.61 3.42678
37.62 3.4274
37.63 3.42802
37.64 3.42864
37.65 3.42926
37.66 3.42988
37.67 3.4305
37.68 3.43113
37.69 3.43175
37.7 3.43237
37.71 3.43299
37.72 3.43361
37.73 3.43423
37.74 3.43485
37.75 3.43547
37.76 3.43609
37.77 3.43672
37.78 3.43734
37.79 3.43796
37.8 3.43858
37.81 3.4392
37.82 3.43982
37.83 3.44044
37.84 3.44106
37.85 3.44168
37.86 3.44231
37.87 3.44293
37.88 3.44355
37.89 3.44417
37.9 3.44479
37.91 3.44541
37.92 3.44603
37.93 3.44665
37.94 3.44727
37.95 3.4479
37.96 3.44852
37.97 3.44914
37.98 3.44976
37.99 3.45038
38 3.451
38.01 3.45162
38.02 3.45224
38.03 3.45286
38.04 3.45348
38.05 3.4541
38.06 3.45473
38.07 3.45535
38.08 3.45597
38.09 3.45659
38.1 3.45721
38.11 3.45783
38.12 3.45845
38.13 3.45907
38.14 3.45969
38.15 3.46031
38.16 3.46093
38.17 3.46156
38.18 3.46218
38.19 3.4628
38.2 3.46342
38.21 3.46404
38.22 3.46466
38.23 3.46528
38.24 3.4659
38.25 3.46652
38.26 3.46714
38.27 3.46776
38.28 3.46838
38.29 3.46901
38.3 3.46963
38.31 3.47025
38.32 3.47087
38.33 3.47149
38.34 3.47211
38.35 3.47273
38.36 3.47335
38.37 3.47397
38.38 3.47459
38.39 3.47521
38.4 3.47583
38.41 3.47645
38.42 3.47708
38.43 3.4777
38.44 3.47832
38.45 3.47894
38.46 3.47956
38.47 3.48018
38.48 3.4808
38.49 3.48142
38.5 3.48204
38.51 3.48266
38.52 3.48328
38.53 3.4839
38.54 3.48452
38.55 3.48514
38.56 3.48576
38.57 3.48639
38.58 3.48701
38.59 3.48763
38.6 3.48825
38.61 3.48887
38.62 3.48949
38.63 3.49011
38.64 3.49073
38.65 3.49135
38.66 3.49197
38.67 3.49259
38.68 3.49321
38.69 3.49383
38.7 3.49445
38.71 3.49507
38.72 3.49569
38.73 3.49631
38.74 3.49693
38.75 3.49756
38.76 3.49818
38.77 3.4988
38.78 3.49942
38.79 3.50004
38.8 3.50066
38.81 3.50128
38.82 3.5019
38.83 3.50252
38.84 3.50314
38.85 3.50376
38.86 3.50438
38.87 3.505
38.88 3.50562
38.89 3.50624
38.9 3.50686
38.91 3.50748
38.92 3.5081
38.93 3.50872
38.94 3.50934
38.95 3.50996
38.96 3.51058
38.97 3.51121
38.98 3.51183
38.99 3.51245
39 3.51307
39.01 3.51369
39.02 3.51431
39.03 3.51493
39.04 3.51555
39.05 3.51617
39.06 3.51679
39.07 3.51741
39.08 3.51803
39.09 3.51865
39.1 3.51927
39.11 3.51989
39.12 3.52051
39.13 3.52113
39.14 3.52175
39.15 3.52237
39.16 3.52299
39.17 3.52361
39.18 3.52423
39.19 3.52485
39.2 3.52547
39.21 3.52609
39.22 3.52671
39.23 3.52733
39.24 3.52795
39.25 3.52857
39.26 3.52919
39.27 3.52981
39.28 3.53043
39.29 3.53105
39.3 3.53167
39.31 3.53229
39.32 3.53291
39.33 3.53353
39.34 3.53416
39.35 3.53478
39.36 3.5354
39.37 3.53602
39.38 3.53664
39.39 3.53726
39.4 3.53788
39.41 3.5385
39.42 3.53912
39.43 3.53974
39.44 3.54036
39.45 3.54098
39.46 3.5416
39.47 3.54222
39.48 3.54284
39.49 3.54346
39.5 3.54408
39.51 3.5447
39.52 3.54532
39.53 3.54594
39.54 3.54656
39.55 3.54718
39.56 3.5478
39.57 3.54842
39.58 3.54904
39.59 3.54966
39.6 3.55028
39.61 3.5509
39.62 3.55152
39.63 3.55214
39.64 3.55276
39.65 3.55338
39.66 3.554
39.67 3.55462
39.68 3.55524
39.69 3.55586
39.7 3.55648
39.71 3.5571
39.72 3.55772
39.73 3.55834
39.74 3.55896
39.75 3.55958
39.76 3.5602
39.77 3.56082
39.78 3.56144
39.79 3.56206
39.8 3.56268
39.81 3.5633
39.82 3.56392
39.83 3.56454
39.84 3.56516
39.85 3.56578
39.86 3.5664
39.87 3.56702
39.88 3.56764
39.89 3.56825
39.9 3.56887
39.91 3.56949
39.92 3.57011
39.93 3.57073
39.94 3.57135
39.95 3.57197
39.96 3.57259
39.97 3.57321
39.98 3.57383
39.99 3.57445
40 3.57507
40.01 3.57569
40.02 3.57631
40.03 3.57693
40.04 3.57755
40.05 3.57817
40.06 3.57879
40.07 3.57941
40.08 3.58003
40.09 3.58065
40.1 3.58127
40.11 3.58189
40.12 3.58251
40.13 3.58313
40.14 3.58375
40.15 3.58437
40.16 3.58499
40.17 3.58561
40.18 3.58623
40.19 3.58685
40.2 3.58747
40.21 3.58809
40.22 3.58871
40.23 3.58933
40.24 3.58995
40.25 3.59057
40.26 3.59119
40.27 3.5918
40.28 3.59242
40.29 3.59304
40.3 3.59366
40.31 3.59428
40.32 3.5949
40.33 3.59552
40.34 3.59614
40.35 3.59676
40.36 3.59738
40.37 3.598
40.38 3.59862
40.39 3.59924
40.4 3.59986
40.41 3.60048
40.42 3.6011
40.43 3.60172
40.44 3.60234
40.45 3.60296
40.46 3.60358
40.47 3.6042
40.48 3.60482
40.49 3.60543
40.5 3.60605
40.51 3.60667
40.52 3.60729
40.53 3.60791
40.54 3.60853
40.55 3.60915
40.56 3.60977
40.57 3.61039
40.58 3.61101
40.59 3.61163
40.6 3.61225
40.61 3.61287
40.62 3.61349
40.63 3.61411
40.64 3.61473
40.65 3.61535
40.66 3.61597
40.67 3.61658
40.68 3.6172
40.69 3.61782
40.7 3.61844
40.71 3.61906
40.72 3.61968
40.73 3.6203
40.74 3.62092
40.75 3.62154
40.76 3.62216
40.77 3.62278
40.78 3.6234
40.79 3.62402
40.8 3.62464
40.81 3.62526
40.82 3.62588
40.83 3.62649
40.84 3.62711
40.85 3.62773
40.86 3.62835
40.87 3.62897
40.88 3.62959
40.89 3.63021
40.9 3.63083
40.91 3.63145
40.92 3.63207
40.93 3.63269
40.94 3.63331
40.95 3.63393
40.96 3.63455
40.97 3.63516
40.98 3.63578
40.99 3.6364
41 3.63702
41.01 3.63764
41.02 3.63826
41.03 3.63888
41.04 3.6395
41.05 3.64012
41.06 3.64074
41.07 3.64136
41.08 3.64198
41.09 3.64259
41.1 3.64321
41.11 3.64383
41.12 3.64445
41.13 3.64507
41.14 3.64569
41.15 3.64631
41.16 3.64693
41.17 3.64755
41.18 3.64817
41.19 3.64879
41.2 3.64941
41.21 3.65002
41.22 3.65064
41.23 3.65126
41.24 3.65188
41.25 3.6525
41.26 3.65312
41.27 3.65374
41.28 3.65436
41.29 3.65498
41.3 3.6556
41.31 3.65621
41.32 3.65683
41.33 3.65745
41.34 3.65807
41.35 3.65869
41.36 3.65931
41.37 3.65993
41.38 3.66055
41.39 3.66117
41.4 3.66179
41.41 3.6624
41.42 3.66302
41.43 3.66364
41.44 3.66426
41.45 3.66488
41.46 3.6655
41.47 3.66612
41.48 3.66674
41.49 3.66736
41.5 3.66798
41.51 3.66859
41.52 3.66921
41.53 3.66983
41.54 3.67045
41.55 3.67107
41.56 3.67169
41.57 3.67231
41.58 3.67293
41.59 3.67355
41.6 3.67416
41.61 3.67478
41.62 3.6754
41.63 3.67602
41.64 3.67664
41.65 3.67726
41.66 3.67788
41.67 3.6785
41.68 3.67912
41.69 3.67973
41.7 3.68035
41.71 3.68097
41.72 3.68159
41.73 3.68221
41.74 3.68283
41.75 3.68345
41.76 3.68407
41.77 3.68468
41.78 3.6853
41.79 3.68592
41.8 3.68654
41.81 3.68716
41.82 3.68778
41.83 3.6884
41.84 3.68902
41.85 3.68963
41.86 3.69025
41.87 3.69087
41.88 3.69149
41.89 3.69211
41.9 3.69273
41.91 3.69335
41.92 3.69397
41.93 3.69458
41.94 3.6952
41.95 3.69582
41.96 3.69644
41.97 3.69706
41.98 3.69768
41.99 3.6983
42 3.69892
42.01 3.69953
42.02 3.70015
42.03 3.70077
42.04 3.70139
42.05 3.70201
42.06 3.70263
42.07 3.70325
42.08 3.70386
42.09 3.70448
42.1 3.7051
42.11 3.70572
42.12 3.70634
42.13 3.70696
42.14 3.70758
42.15 3.70819
42.16 3.70881
42.17 3.70943
42.18 3.71005
42.19 3.71067
42.2 3.71129
42.21 3.71191
42.22 3.71252
42.23 3.71314
42.24 3.71376
42.25 3.71438
42.26 3.715
42.27 3.71562
42.28 3.71624
42.29 3.71685
42.3 3.71747
42.31 3.71809
42.32 3.71871
42.33 3.71933
42.34 3.71995
42.35 3.72057
42.36 3.72118
42.37 3.7218
42.38 3.72242
42.39 3.72304
42.4 3.72366
42.41 3.72428
42.42 3.72489
42.43 3.72551
42.44 3.72613
42.45 3.72675
42.46 3.72737
42.47 3.72799
42.48 3.72861
42.49 3.72922
42.5 3.72984
42.51 3.73046
42.52 3.73108
42.53 3.7317
42.54 3.73232
42.55 3.73293
42.56 3.73355
42.57 3.73417
42.58 3.73479
42.59 3.73541
42.6 3.73603
42.61 3.73664
42.62 3.73726
42.63 3.73788
42.64 3.7385
42.65 3.73912
42.66 3.73974
42.67 3.74035
42.68 3.74097
42.69 3.74159
42.7 3.74221
42.71 3.74283
42.72 3.74345
42.73 3.74406
42.74 3.74468
42.75 3.7453
42.76 3.74592
42.77 3.74654
42.78 3.74716
42.79 3.74777
42.8 3.74839
42.81 3.74901
42.82 3.74963
42.83 3.75025
42.84 3.75086
42.85 3.75148
42.86 3.7521
42.87 3.75272
42.88 3.75334
42.89 3.75396
42.9 3.75457
42.91 3.75519
42.92 3.75581
42.93 3.75643
42.94 3.75705
42.95 3.75766
42.96 3.75828
42.97 3.7589
42.98 3.75952
42.99 3.76014
43 3.76076
43.01 3.76137
43.02 3.76199
43.03 3.76261
43.04 3.76323
43.05 3.76385
43.06 3.76446
43.07 3.76508
43.08 3.7657
43.09 3.76632
43.1 3.76694
43.11 3.76755
43.12 3.76817
43.13 3.76879
43.14 3.76941
43.15 3.77003
43.16 3.77064
43.17 3.77126
43.18 3.77188
43.19 3.7725
43.2 3.77312
43.21 3.77373
43.22 3.77435
43.23 3.77497
43.24 3.77559
43.25 3.77621
43.26 3.77683
43.27 3.77744
43.28 3.77806
43.29 3.77868
43.3 3.7793
43.31 3.77991
43.32 3.78053
43.33 3.78115
43.34 3.78177
43.35 3.78239
43.36 3.783
43.37 3.78362
43.38 3.78424
43.39 3.78486
43.4 3.78548
43.41 3.78609
43.42 3.78671
43.43 3.78733
43.44 3.78795
43.45 3.78857
43.46 3.78918
43.47 3.7898
43.48 3.79042
43.49 3.79104
43.5 3.79166
43.51 3.79227
43.52 3.79289
43.53 3.79351
43.54 3.79413
43.55 3.79474
43.56 3.79536
43.57 3.79598
43.58 3.7966
43.59 3.79722
43.6 3.79783
43.61 3.79845
43.62 3.79907
43.63 3.79969
43.64 3.80031
43.65 3.80092
43.66 3.80154
43.67 3.80216
43.68 3.80278
43.69 3.80339
43.7 3.80401
43.71 3.80463
43.72 3.80525
43.73 3.80587
43.74 3.80648
43.75 3.8071
43.76 3.80772
43.77 3.80834
43.78 3.80895
43.79 3.80957
43.8 3.81019
43.81 3.81081
43.82 3.81143
43.83 3.81204
43.84 3.81266
43.85 3.81328
43.86 3.8139
43.87 3.81451
43.88 3.81513
43.89 3.81575
43.9 3.81637
43.91 3.81698
43.92 3.8176
43.93 3.81822
43.94 3.81884
43.95 3.81945
43.96 3.82007
43.97 3.82069
43.98 3.82131
43.99 3.82193
44 3.82254
44.01 3.82316
44.02 3.82378
44.03 3.8244
44.04 3.82501
44.05 3.82563
44.06 3.82625
44.07 3.82687
44.08 3.82748
44.09 3.8281
44.1 3.82872
44.11 3.82934
44.12 3.82995
44.13 3.83057
44.14 3.83119
44.15 3.83181
44.16 3.83242
44.17 3.83304
44.18 3.83366
44.19 3.83428
44.2 3.83489
44.21 3.83551
44.22 3.83613
44.23 3.83675
44.24 3.83736
44.25 3.83798
44.26 3.8386
44.27 3.83922
44.28 3.83983
44.29 3.84045
44.3 3.84107
44.31 3.84169
44.32 3.8423
44.33 3.84292
44.34 3.84354
44.35 3.84416
44.36 3.84477
44.37 3.84539
44.38 3.84601
44.39 3.84663
44.4 3.84724
44.41 3.84786
44.42 3.84848
44.43 3.8491
44.44 3.84971
44.45 3.85033
44.46 3.85095
44.47 3.85157
44.48 3.85218
44.49 3.8528
44.5 3.85342
44.51 3.85404
44.52 3.85465
44.53 3.85527
44.54 3.85589
44.55 3.8565
44.56 3.85712
44.57 3.85774
44.58 3.85836
44.59 3.85897
44.6 3.85959
44.61 3.86021
44.62 3.86083
44.63 3.86144
44.64 3.86206
44.65 3.86268
44.66 3.8633
44.67 3.86391
44.68 3.86453
44.69 3.86515
44.7 3.86576
44.71 3.86638
44.72 3.867
44.73 3.86762
44.74 3.86823
44.75 3.86885
44.76 3.86947
44.77 3.87009
44.78 3.8707
44.79 3.87132
44.8 3.87194
44.81 3.87255
44.82 3.87317
44.83 3.87379
44.84 3.87441
44.85 3.87502
44.86 3.87564
44.87 3.87626
44.88 3.87687
44.89 3.87749
44.9 3.87811
44.91 3.87873
44.92 3.87934
44.93 3.87996
44.94 3.88058
44.95 3.88119
44.96 3.88181
44.97 3.88243
44.98 3.88305
44.99 3.88366
45 3.88428
45.01 3.8849
45.02 3.88551
45.03 3.88613
45.04 3.88675
45.05 3.88737
45.06 3.88798
45.07 3.8886
45.08 3.88922
45.09 3.88983
45.1 3.89045
45.11 3.89107
45.12 3.89169
45.13 3.8923
45.14 3.89292
45.15 3.89354
45.16 3.89415
45.17 3.89477
45.18 3.89539
45.19 3.89601
45.2 3.89662
45.21 3.89724
45.22 3.89786
45.23 3.89847
45.24 3.89909
45.25 3.89971
45.26 3.90032
45.27 3.90094
45.28 3.90156
45.29 3.90218
45.3 3.90279
45.31 3.90341
45.32 3.90403
45.33 3.90464
45.34 3.90526
45.35 3.90588
45.36 3.90649
45.37 3.90711
45.38 3.90773
45.39 3.90834
45.4 3.90896
45.41 3.90958
45.42 3.9102
45.43 3.91081
45.44 3.91143
45.45 3.91205
45.46 3.91266
45.47 3.91328
45.48 3.9139
45.49 3.91451
45.5 3.91513
45.51 3.91575
45.52 3.91636
45.53 3.91698
45.54 3.9176
45.55 3.91822
45.56 3.91883
45.57 3.91945
45.58 3.92007
45.59 3.92068
45.6 3.9213
45.61 3.92192
45.62 3.92253
45.63 3.92315
45.64 3.92377
45.65 3.92438
45.66 3.925
45.67 3.92562
45.68 3.92623
45.69 3.92685
45.7 3.92747
45.71 3.92808
45.72 3.9287
45.73 3.92932
45.74 3.92993
45.75 3.93055
45.76 3.93117
45.77 3.93179
45.78 3.9324
45.79 3.93302
45.8 3.93364
45.81 3.93425
45.82 3.93487
45.83 3.93549
45.84 3.9361
45.85 3.93672
45.86 3.93734
45.87 3.93795
45.88 3.93857
45.89 3.93919
45.9 3.9398
45.91 3.94042
45.92 3.94104
45.93 3.94165
45.94 3.94227
45.95 3.94289
45.96 3.9435
45.97 3.94412
45.98 3.94474
45.99 3.94535
46 3.94597
46.01 3.94659
46.02 3.9472
46.03 3.94782
46.04 3.94844
46.05 3.94905
46.06 3.94967
46.07 3.95029
46.08 3.9509
46.09 3.95152
46.1 3.95214
46.11 3.95275
46.12 3.95337
46.13 3.95399
46.14 3.9546
46.15 3.95522
46.16 3.95584
46.17 3.95645
46.18 3.95707
46.19 3.95768
46.2 3.9583
46.21 3.95892
46.22 3.95953
46.23 3.96015
46.24 3.96077
46.25 3.96138
46.26 3.962
46.27 3.96262
46.28 3.96323
46.29 3.96385
46.3 3.96447
46.31 3.96508
46.32 3.9657
46.33 3.96632
46.34 3.96693
46.35 3.96755
46.36 3.96817
46.37 3.96878
46.38 3.9694
46.39 3.97002
46.4 3.97063
46.41 3.97125
46.42 3.97186
46.43 3.97248
46.44 3.9731
46.45 3.97371
46.46 3.97433
46.47 3.97495
46.48 3.97556
46.49 3.97618
46.5 3.9768
46.51 3.97741
46.52 3.97803
46.53 3.97865
46.54 3.97926
46.55 3.97988
46.56 3.98049
46.57 3.98111
46.58 3.98173
46.59 3.98234
46.6 3.98296
46.61 3.98358
46.62 3.98419
46.63 3.98481
46.64 3.98543
46.65 3.98604
46.66 3.98666
46.67 3.98727
46.68 3.98789
46.69 3.98851
46.7 3.98912
46.71 3.98974
46.72 3.99036
46.73 3.99097
46.74 3.99159
46.75 3.9922
46.76 3.99282
46.77 3.99344
46.78 3.99405
46.79 3.99467
46.8 3.99529
46.81 3.9959
46.82 3.99652
46.83 3.99714
46.84 3.99775
46.85 3.99837
46.86 3.99898
46.87 3.9996
46.88 4.00022
46.89 4.00083
46.9 4.00145
46.91 4.00207
46.92 4.00268
46.93 4.0033
46.94 4.00391
46.95 4.00453
46.96 4.00515
46.97 4.00576
46.98 4.00638
46.99 4.00699
47 4.00761
47.01 4.00823
47.02 4.00884
47.03 4.00946
47.04 4.01008
47.05 4.01069
47.06 4.01131
47.07 4.01192
47.08 4.01254
47.09 4.01316
47.1 4.01377
47.11 4.01439
47.12 4.015
47.13 4.01562
47.14 4.01624
47.15 4.01685
47.16 4.01747
47.17 4.01809
47.18 4.0187
47.19 4.01932
47.2 4.01993
47.21 4.02055
47.22 4.02117
47.23 4.02178
47.24 4.0224
47.25 4.02301
47.26 4.02363
47.27 4.02425
47.28 4.02486
47.29 4.02548
47.3 4.02609
47.31 4.02671
47.32 4.02733
47.33 4.02794
47.34 4.02856
47.35 4.02917
47.36 4.02979
47.37 4.03041
47.38 4.03102
47.39 4.03164
47.4 4.03225
47.41 4.03287
47.42 4.03349
47.43 4.0341
47.44 4.03472
47.45 4.03533
47.46 4.03595
47.47 4.03657
47.48 4.03718
47.49 4.0378
47.5 4.03841
47.51 4.03903
47.52 4.03965
47.53 4.04026
47.54 4.04088
47.55 4.04149
47.56 4.04211
47.57 4.04273
47.58 4.04334
47.59 4.04396
47.6 4.04457
47.61 4.04519
47.62 4.04581
47.63 4.04642
47.64 4.04704
47.65 4.04765
47.66 4.04827
47.67 4.04889
47.68 4.0495
47.69 4.05012
47.7 4.05073
47.71 4.05135
47.72 4.05196
47.73 4.05258
47.74 4.0532
47.75 4.05381
47.76 4.05443
47.77 4.05504
47.78 4.05566
47.79 4.05628
47.8 4.05689
47.81 4.05751
47.82 4.05812
47.83 4.05874
47.84 4.05935
47.85 4.05997
47.86 4.06059
47.87 4.0612
47.88 4.06182
47.89 4.06243
47.9 4.06305
47.91 4.06366
47.92 4.06428
47.93 4.0649
47.94 4.06551
47.95 4.06613
47.96 4.06674
47.97 4.06736
47.98 4.06798
47.99 4.06859
48 4.06921
48.01 4.06982
48.02 4.07044
48.03 4.07105
48.04 4.07167
48.05 4.07229
48.06 4.0729
48.07 4.07352
48.08 4.07413
48.09 4.07475
48.1 4.07536
48.11 4.07598
48.12 4.0766
48.13 4.07721
48.14 4.07783
48.15 4.07844
48.16 4.07906
48.17 4.07967
48.18 4.08029
48.19 4.0809
48.2 4.08152
48.21 4.08214
48.22 4.08275
48.23 4.08337
48.24 4.08398
48.25 4.0846
48.26 4.08521
48.27 4.08583
48.28 4.08645
48.29 4.08706
48.3 4.08768
48.31 4.08829
48.32 4.08891
48.33 4.08952
48.34 4.09014
48.35 4.09075
48.36 4.09137
48.37 4.09199
48.38 4.0926
48.39 4.09322
48.4 4.09383
48.41 4.09445
48.42 4.09506
48.43 4.09568
48.44 4.09629
48.45 4.09691
48.46 4.09753
48.47 4.09814
48.48 4.09876
48.49 4.09937
48.5 4.09999
48.51 4.1006
48.52 4.10122
48.53 4.10183
48.54 4.10245
48.55 4.10307
48.56 4.10368
48.57 4.1043
48.58 4.10491
48.59 4.10553
48.6 4.10614
48.61 4.10676
48.62 4.10737
48.63 4.10799
48.64 4.1086
48.65 4.10922
48.66 4.10984
48.67 4.11045
48.68 4.11107
48.69 4.11168
48.7 4.1123
48.71 4.11291
48.72 4.11353
48.73 4.11414
48.74 4.11476
48.75 4.11537
48.76 4.11599
48.77 4.11661
48.78 4.11722
48.79 4.11784
48.8 4.11845
48.81 4.11907
48.82 4.11968
48.83 4.1203
48.84 4.12091
48.85 4.12153
48.86 4.12214
48.87 4.12276
48.88 4.12337
48.89 4.12399
48.9 4.1246
48.91 4.12522
48.92 4.12584
48.93 4.12645
48.94 4.12707
48.95 4.12768
48.96 4.1283
48.97 4.12891
48.98 4.12953
48.99 4.13014
49 4.13076
49.01 4.13137
49.02 4.13199
49.03 4.1326
49.04 4.13322
49.05 4.13383
49.06 4.13445
49.07 4.13506
49.08 4.13568
49.09 4.1363
49.1 4.13691
49.11 4.13753
49.12 4.13814
49.13 4.13876
49.14 4.13937
49.15 4.13999
49.16 4.1406
49.17 4.14122
49.18 4.14183
49.19 4.14245
49.2 4.14306
49.21 4.14368
49.22 4.14429
49.23 4.14491
49.24 4.14552
49.25 4.14614
49.26 4.14675
49.27 4.14737
49.28 4.14798
49.29 4.1486
49.3 4.14921
49.31 4.14983
49.32 4.15045
49.33 4.15106
49.34 4.15168
49.35 4.15229
49.36 4.15291
49.37 4.15352
49.38 4.15414
49.39 4.15475
49.4 4.15537
49.41 4.15598
49.42 4.1566
49.43 4.15721
49.44 4.15783
49.45 4.15844
49.46 4.15906
49.47 4.15967
49.48 4.16029
49.49 4.1609
49.5 4.16152
49.51 4.16213
49.52 4.16275
49.53 4.16336
49.54 4.16398
49.55 4.16459
49.56 4.16521
49.57 4.16582
49.58 4.16644
49.59 4.16705
49.6 4.16767
49.61 4.16828
49.62 4.1689
49.63 4.16951
49.64 4.17013
49.65 4.17074
49.66 4.17136
49.67 4.17197
49.68 4.17259
49.69 4.1732
49.7 4.17382
49.71 4.17443
49.72 4.17505
49.73 4.17566
49.74 4.17628
49.75 4.17689
49.76 4.17751
49.77 4.17812
49.78 4.17874
49.79 4.17935
49.8 4.17997
49.81 4.18058
49.82 4.1812
49.83 4.18181
49.84 4.18243
49.85 4.18304
49.86 4.18366
49.87 4.18427
49.88 4.18489
49.89 4.1855
49.9 4.18612
49.91 4.18673
49.92 4.18735
49.93 4.18796
49.94 4.18858
49.95 4.18919
49.96 4.18981
49.97 4.19042
49.98 4.19104
49.99 4.19165
50 4.19227
50.01 4.19288
50.02 4.1935
50.03 4.19411
50.04 4.19473
50.05 4.19534
50.06 4.19596
50.07 4.19657
50.08 4.19719
50.09 4.1978
50.1 4.19841
50.11 4.19903
50.12 4.19964
50.13 4.20026
50.14 4.20087
50.15 4.20149
50.16 4.2021
50.17 4.20272
50.18 4.20333
50.19 4.20395
50.2 4.20456
50.21 4.20518
50.22 4.20579
50.23 4.20641
50.24 4.20702
50.25 4.20764
50.26 4.20825
50.27 4.20887
50.28 4.20948
50.29 4.2101
50.3 4.21071
50.31 4.21133
50.32 4.21194
50.33 4.21255
50.34 4.21317
50.35 4.21378
50.36 4.2144
50.37 4.21501
50.38 4.21563
50.39 4.21624
50.4 4.21686
50.41 4.21747
50.42 4.21809
50.43 4.2187
50.44 4.21932
50.45 4.21993
50.46 4.22055
50.47 4.22116
50.48 4.22178
50.49 4.22239
50.5 4.223
50.51 4.22362
50.52 4.22423
50.53 4.22485
50.54 4.22546
50.55 4.22608
50.56 4.22669
50.57 4.22731
50.58 4.22792
50.59 4.22854
50.6 4.22915
50.61 4.22977
50.62 4.23038
50.63 4.23099
50.64 4.23161
50.65 4.23222
50.66 4.23284
50.67 4.23345
50.68 4.23407
50.69 4.23468
50.7 4.2353
50.71 4.23591
50.72 4.23653
50.73 4.23714
50.74 4.23776
50.75 4.23837
50.76 4.23898
50.77 4.2396
50.78 4.24021
50.79 4.24083
50.8 4.24144
50.81 4.24206
50.82 4.24267
50.83 4.24329
50.84 4.2439
50.85 4.24452
50.86 4.24513
50.87 4.24574
50.88 4.24636
50.89 4.24697
50.9 4.24759
50.91 4.2482
50.92 4.24882
50.93 4.24943
50.94 4.25005
50.95 4.25066
50.96 4.25127
50.97 4.25189
50.98 4.2525
50.99 4.25312
51 4.25373
51.01 4.25435
51.02 4.25496
51.03 4.25558
51.04 4.25619
51.05 4.25681
51.06 4.25742
51.07 4.25803
51.08 4.25865
51.09 4.25926
51.1 4.25988
51.11 4.26049
51.12 4.26111
51.13 4.26172
51.14 4.26233
51.15 4.26295
51.16 4.26356
51.17 4.26418
51.18 4.26479
51.19 4.26541
51.2 4.26602
51.21 4.26664
51.22 4.26725
51.23 4.26786
51.24 4.26848
51.25 4.26909
51.26 4.26971
51.27 4.27032
51.28 4.27094
51.29 4.27155
51.3 4.27216
51.31 4.27278
51.32 4.27339
51.33 4.27401
51.34 4.27462
51.35 4.27524
51.36 4.27585
51.37 4.27646
51.38 4.27708
51.39 4.27769
51.4 4.27831
51.41 4.27892
51.42 4.27954
51.43 4.28015
51.44 4.28077
51.45 4.28138
51.46 4.28199
51.47 4.28261
51.48 4.28322
51.49 4.28384
51.5 4.28445
51.51 4.28506
51.52 4.28568
51.53 4.28629
51.54 4.28691
51.55 4.28752
51.56 4.28814
51.57 4.28875
51.58 4.28936
51.59 4.28998
51.6 4.29059
51.61 4.29121
51.62 4.29182
51.63 4.29244
51.64 4.29305
51.65 4.29366
51.66 4.29428
51.67 4.29489
51.68 4.29551
51.69 4.29612
51.7 4.29674
51.71 4.29735
51.72 4.29796
51.73 4.29858
51.74 4.29919
51.75 4.29981
51.76 4.30042
51.77 4.30103
51.78 4.30165
51.79 4.30226
51.8 4.30288
51.81 4.30349
51.82 4.3041
51.83 4.30472
51.84 4.30533
51.85 4.30595
51.86 4.30656
51.87 4.30718
51.88 4.30779
51.89 4.3084
51.9 4.30902
51.91 4.30963
51.92 4.31025
51.93 4.31086
51.94 4.31147
51.95 4.31209
51.96 4.3127
51.97 4.31332
51.98 4.31393
51.99 4.31454
52 4.31516
52.01 4.31577
52.02 4.31639
52.03 4.317
52.04 4.31761
52.05 4.31823
52.06 4.31884
52.07 4.31946
52.08 4.32007
52.09 4.32068
52.1 4.3213
52.11 4.32191
52.12 4.32253
52.13 4.32314
52.14 4.32376
52.15 4.32437
52.16 4.32498
52.17 4.3256
52.18 4.32621
52.19 4.32682
52.2 4.32744
52.21 4.32805
52.22 4.32867
52.23 4.32928
52.24 4.32989
52.25 4.33051
52.26 4.33112
52.27 4.33174
52.28 4.33235
52.29 4.33296
52.3 4.33358
52.31 4.33419
52.32 4.33481
52.33 4.33542
52.34 4.33603
52.35 4.33665
52.36 4.33726
52.37 4.33788
52.38 4.33849
52.39 4.3391
52.4 4.33972
52.41 4.34033
52.42 4.34095
52.43 4.34156
52.44 4.34217
52.45 4.34279
52.46 4.3434
52.47 4.34402
52.48 4.34463
52.49 4.34524
52.5 4.34586
52.51 4.34647
52.52 4.34708
52.53 4.3477
52.54 4.34831
52.55 4.34893
52.56 4.34954
52.57 4.35015
52.58 4.35077
52.59 4.35138
52.6 4.352
52.61 4.35261
52.62 4.35322
52.63 4.35384
52.64 4.35445
52.65 4.35506
52.66 4.35568
52.67 4.35629
52.68 4.35691
52.69 4.35752
52.7 4.35813
52.71 4.35875
52.72 4.35936
52.73 4.35997
52.74 4.36059
52.75 4.3612
52.76 4.36182
52.77 4.36243
52.78 4.36304
52.79 4.36366
52.8 4.36427
52.81 4.36488
52.82 4.3655
52.83 4.36611
52.84 4.36673
52.85 4.36734
52.86 4.36795
52.87 4.36857
52.88 4.36918
52.89 4.36979
52.9 4.37041
52.91 4.37102
52.92 4.37164
52.93 4.37225
52.94 4.37286
52.95 4.37348
52.96 4.37409
52.97 4.3747
52.98 4.37532
52.99 4.37593
53 4.37654
53.01 4.37716
53.02 4.37777
53.03 4.37839
53.04 4.379
53.05 4.37961
53.06 4.38023
53.07 4.38084
53.08 4.38145
53.09 4.38207
53.1 4.38268
53.11 4.3833
53.12 4.38391
53.13 4.38452
53.14 4.38514
53.15 4.38575
53.16 4.38636
53.17 4.38698
53.18 4.38759
53.19 4.3882
53.2 4.38882
53.21 4.38943
53.22 4.39004
53.23 4.39066
53.24 4.39127
53.25 4.39189
53.26 4.3925
53.27 4.39311
53.28 4.39373
53.29 4.39434
53.3 4.39495
53.31 4.39557
53.32 4.39618
53.33 4.39679
53.34 4.39741
53.35 4.39802
53.36 4.39863
53.37 4.39925
53.38 4.39986
53.39 4.40048
53.4 4.40109
53.41 4.4017
53.42 4.40232
53.43 4.40293
53.44 4.40354
53.45 4.40416
53.46 4.40477
53.47 4.40538
53.48 4.406
53.49 4.40661
53.5 4.40722
53.51 4.40784
53.52 4.40845
53.53 4.40906
53.54 4.40968
53.55 4.41029
53.56 4.4109
53.57 4.41152
53.58 4.41213
53.59 4.41274
53.6 4.41336
53.61 4.41397
53.62 4.41459
53.63 4.4152
53.64 4.41581
53.65 4.41643
53.66 4.41704
53.67 4.41765
53.68 4.41827
53.69 4.41888
53.7 4.41949
53.71 4.42011
53.72 4.42072
53.73 4.42133
53.74 4.42195
53.75 4.42256
53.76 4.42317
53.77 4.42379
53.78 4.4244
53.79 4.42501
53.8 4.42563
53.81 4.42624
53.82 4.42685
53.83 4.42747
53.84 4.42808
53.85 4.42869
53.86 4.42931
53.87 4.42992
53.88 4.43053
53.89 4.43115
53.9 4.43176
53.91 4.43237
53.92 4.43299
53.93 4.4336
53.94 4.43421
53.95 4.43483
53.96 4.43544
53.97 4.43605
53.98 4.43667
53.99 4.43728
54 4.43789
54.01 4.43851
54.02 4.43912
54.03 4.43973
54.04 4.44035
54.05 4.44096
54.06 4.44157
54.07 4.44219
54.08 4.4428
54.09 4.44341
54.1 4.44403
54.11 4.44464
54.12 4.44525
54.13 4.44587
54.14 4.44648
54.15 4.44709
54.16 4.44771
54.17 4.44832
54.18 4.44893
54.19 4.44954
54.2 4.45016
54.21 4.45077
54.22 4.45138
54.23 4.452
54.24 4.45261
54.25 4.45322
54.26 4.45384
54.27 4.45445
54.28 4.45506
54.29 4.45568
54.3 4.45629
54.31 4.4569
54.32 4.45752
54.33 4.45813
54.34 4.45874
54.35 4.45936
54.36 4.45997
54.37 4.46058
54.38 4.4612
54.39 4.46181
54.4 4.46242
54.41 4.46303
54.42 4.46365
54.43 4.46426
54.44 4.46487
54.45 4.46549
54.46 4.4661
54.47 4.46671
54.48 4.46733
54.49 4.46794
54.5 4.46855
54.51 4.46917
54.52 4.46978
54.53 4.47039
54.54 4.47101
54.55 4.47162
54.56 4.47223
54.57 4.47284
54.58 4.47346
54.59 4.47407
54.6 4.47468
54.61 4.4753
54.62 4.47591
54.63 4.47652
54.64 4.47714
54.65 4.47775
54.66 4.47836
54.67 4.47898
54.68 4.47959
54.69 4.4802
54.7 4.48081
54.71 4.48143
54.72 4.48204
54.73 4.48265
54.74 4.48327
54.75 4.48388
54.76 4.48449
54.77 4.48511
54.78 4.48572
54.79 4.48633
54.8 4.48694
54.81 4.48756
54.82 4.48817
54.83 4.48878
54.84 4.4894
54.85 4.49001
54.86 4.49062
54.87 4.49124
54.88 4.49185
54.89 4.49246
54.9 4.49307
54.91 4.49369
54.92 4.4943
54.93 4.49491
54.94 4.49553
54.95 4.49614
54.96 4.49675
54.97 4.49736
54.98 4.49798
54.99 4.49859
55 4.4992
55.01 4.49982
55.02 4.50043
55.03 4.50104
55.04 4.50166
55.05 4.50227
55.06 4.50288
55.07 4.50349
55.08 4.50411
55.09 4.50472
55.1 4.50533
55.11 4.50595
55.12 4.50656
55.13 4.50717
55.14 4.50778
55.15 4.5084
55.16 4.50901
55.17 4.50962
55.18 4.51024
55.19 4.51085
55.2 4.51146
55.21 4.51207
55.22 4.51269
55.23 4.5133
55.24 4.51391
55.25 4.51453
55.26 4.51514
55.27 4.51575
55.28 4.51636
55.29 4.51698
55.3 4.51759
55.31 4.5182
55.32 4.51882
55.33 4.51943
55.34 4.52004
55.35 4.52065
55.36 4.52127
55.37 4.52188
55.38 4.52249
55.39 4.5231
55.4 4.52372
55.41 4.52433
55.42 4.52494
55.43 4.52556
55.44 4.52617
55.45 4.52678
55.46 4.52739
55.47 4.52801
55.48 4.52862
55.49 4.52923
55.5 4.52985
55.51 4.53046
55.52 4.53107
55.53 4.53168
55.54 4.5323
55.55 4.53291
55.56 4.53352
55.57 4.53413
55.58 4.53475
55.59 4.53536
55.6 4.53597
55.61 4.53659
55.62 4.5372
55.63 4.53781
55.64 4.53842
55.65 4.53904
55.66 4.53965
55.67 4.54026
55.68 4.54087
55.69 4.54149
55.7 4.5421
55.71 4.54271
55.72 4.54332
55.73 4.54394
55.74 4.54455
55.75 4.54516
55.76 4.54578
55.77 4.54639
55.78 4.547
55.79 4.54761
55.8 4.54823
55.81 4.54884
55.82 4.54945
55.83 4.55006
55.84 4.55068
55.85 4.55129
55.86 4.5519
55.87 4.55251
55.88 4.55313
55.89 4.55374
55.9 4.55435
55.91 4.55496
55.92 4.55558
55.93 4.55619
55.94 4.5568
55.95 4.55741
55.96 4.55803
55.97 4.55864
55.98 4.55925
55.99 4.55987
56 4.56048
56.01 4.56109
56.02 4.5617
56.03 4.56232
56.04 4.56293
56.05 4.56354
56.06 4.56415
56.07 4.56477
56.08 4.56538
56.09 4.56599
56.1 4.5666
56.11 4.56722
56.12 4.56783
56.13 4.56844
56.14 4.56905
56.15 4.56967
56.16 4.57028
56.17 4.57089
56.18 4.5715
56.19 4.57212
56.2 4.57273
56.21 4.57334
56.22 4.57395
56.23 4.57457
56.24 4.57518
56.25 4.57579
56.26 4.5764
56.27 4.57702
56.28 4.57763
56.29 4.57824
56.3 4.57885
56.31 4.57947
56.32 4.58008
56.33 4.58069
56.34 4.5813
56.35 4.58192
56.36 4.58253
56.37 4.58314
56.38 4.58375
56.39 4.58437
56.4 4.58498
56.41 4.58559
56.42 4.5862
56.43 4.58681
56.44 4.58743
56.45 4.58804
56.46 4.58865
56.47 4.58926
56.48 4.58988
56.49 4.59049
56.5 4.5911
56.51 4.59171
56.52 4.59233
56.53 4.59294
56.54 4.59355
56.55 4.59416
56.56 4.59478
56.57 4.59539
56.58 4.596
56.59 4.59661
56.6 4.59723
56.61 4.59784
56.62 4.59845
56.63 4.59906
56.64 4.59967
56.65 4.60029
56.66 4.6009
56.67 4.60151
56.68 4.60212
56.69 4.60274
56.7 4.60335
56.71 4.60396
56.72 4.60457
56.73 4.60519
56.74 4.6058
56.75 4.60641
56.76 4.60702
56.77 4.60763
56.78 4.60825
56.79 4.60886
56.8 4.60947
56.81 4.61008
56.82 4.6107
56.83 4.61131
56.84 4.61192
56.85 4.61253
56.86 4.61315
56.87 4.61376
56.88 4.61437
56.89 4.61498
56.9 4.61559
56.91 4.61621
56.92 4.61682
56.93 4.61743
56.94 4.61804
56.95 4.61866
56.96 4.61927
56.97 4.61988
56.98 4.62049
56.99 4.6211
57 4.62172
57.01 4.62233
57.02 4.62294
57.03 4.62355
57.04 4.62417
57.05 4.62478
57.06 4.62539
57.07 4.626
57.08 4.62661
57.09 4.62723
57.1 4.62784
57.11 4.62845
57.12 4.62906
57.13 4.62968
57.14 4.63029
57.15 4.6309
57.16 4.63151
57.17 4.63212
57.18 4.63274
57.19 4.63335
57.2 4.63396
57.21 4.63457
57.22 4.63518
57.23 4.6358
57.24 4.63641
57.25 4.63702
57.26 4.63763
57.27 4.63825
57.28 4.63886
57.29 4.63947
57.3 4.64008
57.31 4.64069
57.32 4.64131
57.33 4.64192
57.34 4.64253
57.35 4.64314
57.36 4.64375
57.37 4.64437
57.38 4.64498
57.39 4.64559
57.4 4.6462
57.41 4.64681
57.42 4.64743
57.43 4.64804
57.44 4.64865
57.45 4.64926
57.46 4.64988
57.47 4.65049
57.48 4.6511
57.49 4.65171
57.5 4.65232
57.51 4.65294
57.52 4.65355
57.53 4.65416
57.54 4.65477
57.55 4.65538
57.56 4.656
57.57 4.65661
57.58 4.65722
57.59 4.65783
57.6 4.65844
57.61 4.65906
57.62 4.65967
57.63 4.66028
57.64 4.66089
57.65 4.6615
57.66 4.66212
57.67 4.66273
57.68 4.66334
57.69 4.66395
57.7 4.66456
57.71 4.66518
57.72 4.66579
57.73 4.6664
57.74 4.66701
57.75 4.66762
57.76 4.66824
57.77 4.66885
57.78 4.66946
57.79 4.67007
57.8 4.67068
57.81 4.6713
57.82 4.67191
57.83 4.67252
57.84 4.67313
57.85 4.67374
57.86 4.67435
57.87 4.67497
57.88 4.67558
57.89 4.67619
57.9 4.6768
57.91 4.67741
57.92 4.67803
57.93 4.67864
57.94 4.67925
57.95 4.67986
57.96 4.68047
57.97 4.68109
57.98 4.6817
57.99 4.68231
58 4.68292
58.01 4.68353
58.02 4.68415
58.03 4.68476
58.04 4.68537
58.05 4.68598
58.06 4.68659
58.07 4.6872
58.08 4.68782
58.09 4.68843
58.1 4.68904
58.11 4.68965
58.12 4.69026
58.13 4.69088
58.14 4.69149
58.15 4.6921
58.16 4.69271
58.17 4.69332
58.18 4.69393
58.19 4.69455
58.2 4.69516
58.21 4.69577
58.22 4.69638
58.23 4.69699
58.24 4.69761
58.25 4.69822
58.26 4.69883
58.27 4.69944
58.28 4.70005
58.29 4.70066
58.3 4.70128
58.31 4.70189
58.32 4.7025
58.33 4.70311
58.34 4.70372
58.35 4.70433
58.36 4.70495
58.37 4.70556
58.38 4.70617
58.39 4.70678
58.4 4.70739
58.41 4.70801
58.42 4.70862
58.43 4.70923
58.44 4.70984
58.45 4.71045
58.46 4.71106
58.47 4.71168
58.48 4.71229
58.49 4.7129
58.5 4.71351
58.51 4.71412
58.52 4.71473
58.53 4.71535
58.54 4.71596
58.55 4.71657
58.56 4.71718
58.57 4.71779
58.58 4.7184
58.59 4.71902
58.6 4.71963
58.61 4.72024
58.62 4.72085
58.63 4.72146
58.64 4.72207
58.65 4.72269
58.66 4.7233
58.67 4.72391
58.68 4.72452
58.69 4.72513
58.7 4.72574
58.71 4.72636
58.72 4.72697
58.73 4.72758
58.74 4.72819
58.75 4.7288
58.76 4.72941
58.77 4.73003
58.78 4.73064
58.79 4.73125
58.8 4.73186
58.81 4.73247
58.82 4.73308
58.83 4.7337
58.84 4.73431
58.85 4.73492
58.86 4.73553
58.87 4.73614
58.88 4.73675
58.89 4.73737
58.9 4.73798
58.91 4.73859
58.92 4.7392
58.93 4.73981
58.94 4.74042
58.95 4.74103
58.96 4.74165
58.97 4.74226
58.98 4.74287
58.99 4.74348
59 4.74409
59.01 4.7447
59.02 4.74532
59.03 4.74593
59.04 4.74654
59.05 4.74715
59.06 4.74776
59.07 4.74837
59.08 4.74898
59.09 4.7496
59.1 4.75021
59.11 4.75082
59.12 4.75143
59.13 4.75204
59.14 4.75265
59.15 4.75327
59.16 4.75388
59.17 4.75449
59.18 4.7551
59.19 4.75571
59.2 4.75632
59.21 4.75693
59.22 4.75755
59.23 4.75816
59.24 4.75877
59.25 4.75938
59.26 4.75999
59.27 4.7606
59.28 4.76121
59.29 4.76183
59.3 4.76244
59.31 4.76305
59.32 4.76366
59.33 4.76427
59.34 4.76488
59.35 4.76549
59.36 4.76611
59.37 4.76672
59.38 4.76733
59.39 4.76794
59.4 4.76855
59.41 4.76916
59.42 4.76977
59.43 4.77039
59.44 4.771
59.45 4.77161
59.46 4.77222
59.47 4.77283
59.48 4.77344
59.49 4.77405
59.5 4.77467
59.51 4.77528
59.52 4.77589
59.53 4.7765
59.54 4.77711
59.55 4.77772
59.56 4.77833
59.57 4.77895
59.58 4.77956
59.59 4.78017
59.6 4.78078
59.61 4.78139
59.62 4.782
59.63 4.78261
59.64 4.78322
59.65 4.78384
59.66 4.78445
59.67 4.78506
59.68 4.78567
59.69 4.78628
59.7 4.78689
59.71 4.7875
59.72 4.78812
59.73 4.78873
59.74 4.78934
59.75 4.78995
59.76 4.79056
59.77 4.79117
59.78 4.79178
59.79 4.79239
59.8 4.79301
59.81 4.79362
59.82 4.79423
59.83 4.79484
59.84 4.79545
59.85 4.79606
59.86 4.79667
59.87 4.79728
59.88 4.7979
59.89 4.79851
59.9 4.79912
59.91 4.79973
59.92 4.80034
59.93 4.80095
59.94 4.80156
59.95 4.80217
59.96 4.80279
59.97 4.8034
59.98 4.80401
59.99 4.80462
60 4.80523
60.01 4.80584
60.02 4.80645
60.03 4.80706
60.04 4.80768
60.05 4.80829
60.06 4.8089
60.07 4.80951
60.08 4.81012
60.09 4.81073
60.1 4.81134
60.11 4.81195
60.12 4.81257
60.13 4.81318
60.14 4.81379
60.15 4.8144
60.16 4.81501
60.17 4.81562
60.18 4.81623
60.19 4.81684
60.2 4.81745
60.21 4.81807
60.22 4.81868
60.23 4.81929
60.24 4.8199
60.25 4.82051
60.26 4.82112
60.27 4.82173
60.28 4.82234
60.29 4.82295
60.3 4.82357
60.31 4.82418
60.32 4.82479
60.33 4.8254
60.34 4.82601
60.35 4.82662
60.36 4.82723
60.37 4.82784
60.38 4.82845
60.39 4.82907
60.4 4.82968
60.41 4.83029
60.42 4.8309
60.43 4.83151
60.44 4.83212
60.45 4.83273
60.46 4.83334
60.47 4.83395
60.48 4.83457
60.49 4.83518
60.5 4.83579
60.51 4.8364
60.52 4.83701
60.53 4.83762
60.54 4.83823
60.55 4.83884
60.56 4.83945
60.57 4.84007
60.58 4.84068
60.59 4.84129
60.6 4.8419
60.61 4.84251
60.62 4.84312
60.63 4.84373
60.64 4.84434
60.65 4.84495
60.66 4.84556
60.67 4.84618
60.68 4.84679
60.69 4.8474
60.7 4.84801
60.71 4.84862
60.72 4.84923
60.73 4.84984
60.74 4.85045
60.75 4.85106
60.76 4.85167
60.77 4.85229
60.78 4.8529
60.79 4.85351
60.8 4.85412
60.81 4.85473
60.82 4.85534
60.83 4.85595
60.84 4.85656
60.85 4.85717
60.86 4.85778
60.87 4.8584
60.88 4.85901
60.89 4.85962
60.9 4.86023
60.91 4.86084
60.92 4.86145
60.93 4.86206
60.94 4.86267
60.95 4.86328
60.96 4.86389
60.97 4.8645
60.98 4.86512
60.99 4.86573
61 4.86634
61.01 4.86695
61.02 4.86756
61.03 4.86817
61.04 4.86878
61.05 4.86939
61.06 4.87
61.07 4.87061
61.08 4.87122
61.09 4.87184
61.1 4.87245
61.11 4.87306
61.12 4.87367
61.13 4.87428
61.14 4.87489
61.15 4.8755
61.16 4.87611
61.17 4.87672
61.18 4.87733
61.19 4.87794
61.2 4.87855
61.21 4.87917
61.22 4.87978
61.23 4.88039
61.24 4.881
61.25 4.88161
61.26 4.88222
61.27 4.88283
61.28 4.88344
61.29 4.88405
61.3 4.88466
61.31 4.88527
61.32 4.88588
61.33 4.8865
61.34 4.88711
61.35 4.88772
61.36 4.88833
61.37 4.88894
61.38 4.88955
61.39 4.89016
61.4 4.89077
61.41 4.89138
61.42 4.89199
61.43 4.8926
61.44 4.89321
61.45 4.89382
61.46 4.89444
61.47 4.89505
61.48 4.89566
61.49 4.89627
61.5 4.89688
61.51 4.89749
61.52 4.8981
61.53 4.89871
61.54 4.89932
61.55 4.89993
61.56 4.90054
61.57 4.90115
61.58 4.90176
61.59 4.90238
61.6 4.90299
61.61 4.9036
61.62 4.90421
61.63 4.90482
61.64 4.90543
61.65 4.90604
61.66 4.90665
61.67 4.90726
61.68 4.90787
61.69 4.90848
61.7 4.90909
61.71 4.9097
61.72 4.91031
61.73 4.91093
61.74 4.91154
61.75 4.91215
61.76 4.91276
61.77 4.91337
61.78 4.91398
61.79 4.91459
61.8 4.9152
61.81 4.91581
61.82 4.91642
61.83 4.91703
61.84 4.91764
61.85 4.91825
61.86 4.91886
61.87 4.91947
61.88 4.92009
61.89 4.9207
61.9 4.92131
61.91 4.92192
61.92 4.92253
61.93 4.92314
61.94 4.92375
61.95 4.92436
61.96 4.92497
61.97 4.92558
61.98 4.92619
61.99 4.9268
62 4.92741
62.01 4.92802
62.02 4.92863
62.03 4.92924
62.04 4.92986
62.05 4.93047
62.06 4.93108
62.07 4.93169
62.08 4.9323
62.09 4.93291
62.1 4.93352
62.11 4.93413
62.12 4.93474
62.13 4.93535
62.14 4.93596
62.15 4.93657
62.16 4.93718
62.17 4.93779
62.18 4.9384
62.19 4.93901
62.2 4.93962
62.21 4.94023
62.22 4.94085
62.23 4.94146
62.24 4.94207
62.25 4.94268
62.26 4.94329
62.27 4.9439
62.28 4.94451
62.29 4.94512
62.3 4.94573
62.31 4.94634
62.32 4.94695
62.33 4.94756
62.34 4.94817
62.35 4.94878
62.36 4.94939
62.37 4.95
62.38 4.95061
62.39 4.95122
62.4 4.95183
62.41 4.95244
62.42 4.95306
62.43 4.95367
62.44 4.95428
62.45 4.95489
62.46 4.9555
62.47 4.95611
62.48 4.95672
62.49 4.95733
62.5 4.95794
62.51 4.95855
62.52 4.95916
62.53 4.95977
62.54 4.96038
62.55 4.96099
62.56 4.9616
62.57 4.96221
62.58 4.96282
62.59 4.96343
62.6 4.96404
62.61 4.96465
62.62 4.96526
62.63 4.96587
62.64 4.96649
62.65 4.9671
62.66 4.96771
62.67 4.96832
62.68 4.96893
62.69 4.96954
62.7 4.97015
62.71 4.97076
62.72 4.97137
62.73 4.97198
62.74 4.97259
62.75 4.9732
62.76 4.97381
62.77 4.97442
62.78 4.97503
62.79 4.97564
62.8 4.97625
62.81 4.97686
62.82 4.97747
62.83 4.97808
62.84 4.97869
62.85 4.9793
62.86 4.97991
62.87 4.98052
62.88 4.98113
62.89 4.98174
62.9 4.98235
62.91 4.98297
62.92 4.98358
62.93 4.98419
62.94 4.9848
62.95 4.98541
62.96 4.98602
62.97 4.98663
62.98 4.98724
62.99 4.98785
63 4.98846
63.01 4.98907
63.02 4.98968
63.03 4.99029
63.04 4.9909
63.05 4.99151
63.06 4.99212
63.07 4.99273
63.08 4.99334
63.09 4.99395
63.1 4.99456
63.11 4.99517
63.12 4.99578
63.13 4.99639
63.14 4.997
63.15 4.99761
63.16 4.99822
63.17 4.99883
63.18 4.99944
63.19 5.00005
